prescision@ average results:
0.19999999999999962 0.3878787878787874 0.5494949494949501 0.6767676767676762 0.7535353535353533 

recall@ average results:
0.3215488215488213 0.5824915824915821 0.7794612794612792 0.9217171717171713 1.0 

F1@ average results:
0.23328523328523298 0.4463684463684459 0.6222943722943723 0.756132756132755 0.8335738335738326 

F0.5@ average results:
0.21095055581221567 0.40747109719441704 0.5742475574491385 0.7039686817354798 0.7809888837556822 

prescision@ results:
0.2 0.4 0.6 0.8 0.8 
0.2 0.4 0.6 0.8 1.0 
0.2 0.4 0.6 0.8 0.8 
0.2 0.4 0.6 0.8 0.8 
0.2 0.4 0.6 0.8 0.8 
0.2 0.4 0.6 0.8 1.0 
0.2 0.4 0.6 0.8 1.0 
0.2 0.4 0.6 0.8 1.0 
0.2 0.4 0.6 0.8 1.0 
0.2 0.4 0.6 0.6 0.8 
0.2 0.4 0.4 0.4 0.4 
0.2 0.4 0.6 0.8 1.0 
0.2 0.4 0.6 0.8 1.0 
0.2 0.4 0.6 0.6 0.6 
0.2 0.4 0.6 0.8 1.0 
0.2 0.2 0.2 0.2 0.2 
0.2 0.4 0.6 0.6 0.6 
0.2 0.4 0.6 0.8 1.0 
0.2 0.4 0.6 0.8 1.0 
0.2 0.4 0.6 0.8 1.0 
0.2 0.4 0.4 0.4 0.4 
0.2 0.4 0.6 0.8 0.8 
0.2 0.4 0.6 0.8 0.8 
0.2 0.4 0.4 0.4 0.4 
0.2 0.4 0.6 0.8 0.8 
0.2 0.4 0.6 0.8 1.0 
0.2 0.4 0.6 0.8 1.0 
0.2 0.4 0.6 0.8 1.0 
0.2 0.4 0.6 0.8 0.8 
0.2 0.4 0.6 0.8 1.0 
0.2 0.4 0.6 0.8 1.0 
0.2 0.4 0.6 0.8 1.0 
0.2 0.4 0.6 0.8 0.8 
0.2 0.4 0.6 0.8 0.8 
0.2 0.4 0.6 0.6 0.6 
0.2 0.4 0.6 0.8 0.8 
0.2 0.4 0.6 0.6 0.6 
0.2 0.4 0.6 0.8 1.0 
0.2 0.4 0.6 0.8 0.8 
0.2 0.4 0.4 0.4 0.4 
0.2 0.4 0.6 0.8 0.8 
0.2 0.4 0.4 0.4 0.4 
0.2 0.4 0.6 0.6 0.6 
0.2 0.4 0.6 0.8 0.8 
0.2 0.4 0.6 0.6 0.6 
0.2 0.4 0.6 0.8 0.8 
0.2 0.4 0.6 0.8 1.0 
0.2 0.4 0.6 0.8 1.0 
0.2 0.4 0.6 0.8 1.0 
0.2 0.4 0.6 0.8 1.0 
0.2 0.4 0.6 0.8 1.0 
0.2 0.4 0.6 0.6 0.6 
0.2 0.4 0.6 0.8 1.0 
0.2 0.4 0.6 0.6 0.8 
0.2 0.4 0.4 0.4 0.4 
0.2 0.4 0.6 0.8 0.8 
0.2 0.4 0.6 0.8 1.0 
0.2 0.4 0.4 0.4 0.4 
0.2 0.4 0.4 0.4 0.4 
0.2 0.4 0.6 0.6 0.6 
0.2 0.4 0.6 0.8 0.8 
0.2 0.4 0.4 0.4 0.4 
0.2 0.4 0.6 0.6 0.6 
0.2 0.4 0.6 0.8 0.8 
0.2 0.4 0.6 0.8 1.0 
0.2 0.4 0.6 0.8 0.8 
0.2 0.4 0.6 0.8 1.0 
0.2 0.4 0.6 0.6 0.6 
0.2 0.4 0.6 0.8 0.8 
0.2 0.2 0.2 0.2 0.2 
0.2 0.4 0.6 0.8 0.8 
0.2 0.4 0.6 0.6 0.6 
0.2 0.4 0.6 0.8 0.8 
0.2 0.4 0.6 0.6 0.6 
0.2 0.4 0.6 0.8 0.8 
0.2 0.4 0.4 0.6 0.6 
0.2 0.4 0.4 0.4 0.4 
0.2 0.4 0.6 0.6 0.6 
0.2 0.4 0.6 0.6 0.6 
0.2 0.4 0.6 0.8 0.8 
0.2 0.4 0.6 0.8 0.8 
0.2 0.4 0.6 0.6 0.8 
0.2 0.4 0.6 0.8 1.0 
0.2 0.4 0.6 0.8 0.8 
0.2 0.4 0.4 0.4 0.4 
0.2 0.2 0.2 0.2 0.2 
0.2 0.4 0.4 0.4 0.4 
0.2 0.4 0.6 0.8 1.0 
0.2 0.4 0.6 0.8 1.0 
0.2 0.4 0.6 0.8 1.0 
0.2 0.4 0.6 0.8 0.8 
0.2 0.4 0.6 0.8 1.0 
0.2 0.2 0.2 0.2 0.2 
0.2 0.2 0.2 0.2 0.2 
0.2 0.4 0.6 0.8 1.0 
0.2 0.4 0.6 0.8 1.0 
0.2 0.4 0.6 0.8 1.0 
0.2 0.4 0.6 0.6 0.6 
0.2 0.2 0.2 0.2 0.2 

recall@ results:
0.25 0.5 0.75 1.0 1.0 
0.2 0.4 0.6 0.8 1.0 
0.25 0.5 0.75 1.0 1.0 
0.25 0.5 0.75 1.0 1.0 
0.25 0.5 0.75 1.0 1.0 
0.2 0.4 0.6 0.8 1.0 
0.2 0.4 0.6 0.8 1.0 
0.2 0.4 0.6 0.8 1.0 
0.2 0.4 0.6 0.8 1.0 
0.25 0.5 0.75 0.75 1.0 
0.5 1.0 1.0 1.0 1.0 
0.2 0.4 0.6 0.8 1.0 
0.2 0.4 0.6 0.8 1.0 
0.3333333333333333 0.6666666666666666 1.0 1.0 1.0 
0.2 0.4 0.6 0.8 1.0 
1.0 1.0 1.0 1.0 1.0 
0.3333333333333333 0.6666666666666666 1.0 1.0 1.0 
0.2 0.4 0.6 0.8 1.0 
0.2 0.4 0.6 0.8 1.0 
0.2 0.4 0.6 0.8 1.0 
0.5 1.0 1.0 1.0 1.0 
0.25 0.5 0.75 1.0 1.0 
0.25 0.5 0.75 1.0 1.0 
0.5 1.0 1.0 1.0 1.0 
0.25 0.5 0.75 1.0 1.0 
0.2 0.4 0.6 0.8 1.0 
0.2 0.4 0.6 0.8 1.0 
0.2 0.4 0.6 0.8 1.0 
0.25 0.5 0.75 1.0 1.0 
0.2 0.4 0.6 0.8 1.0 
0.2 0.4 0.6 0.8 1.0 
0.2 0.4 0.6 0.8 1.0 
0.25 0.5 0.75 1.0 1.0 
0.25 0.5 0.75 1.0 1.0 
0.3333333333333333 0.6666666666666666 1.0 1.0 1.0 
0.25 0.5 0.75 1.0 1.0 
0.3333333333333333 0.6666666666666666 1.0 1.0 1.0 
0.2 0.4 0.6 0.8 1.0 
0.25 0.5 0.75 1.0 1.0 
0.5 1.0 1.0 1.0 1.0 
0.25 0.5 0.75 1.0 1.0 
0.5 1.0 1.0 1.0 1.0 
0.3333333333333333 0.6666666666666666 1.0 1.0 1.0 
0.25 0.5 0.75 1.0 1.0 
0.3333333333333333 0.6666666666666666 1.0 1.0 1.0 
0.25 0.5 0.75 1.0 1.0 
0.2 0.4 0.6 0.8 1.0 
0.2 0.4 0.6 0.8 1.0 
0.2 0.4 0.6 0.8 1.0 
0.2 0.4 0.6 0.8 1.0 
0.2 0.4 0.6 0.8 1.0 
0.3333333333333333 0.6666666666666666 1.0 1.0 1.0 
0.2 0.4 0.6 0.8 1.0 
0.25 0.5 0.75 0.75 1.0 
0.5 1.0 1.0 1.0 1.0 
0.25 0.5 0.75 1.0 1.0 
0.2 0.4 0.6 0.8 1.0 
0.5 1.0 1.0 1.0 1.0 
0.5 1.0 1.0 1.0 1.0 
0.3333333333333333 0.6666666666666666 1.0 1.0 1.0 
0.25 0.5 0.75 1.0 1.0 
0.5 1.0 1.0 1.0 1.0 
0.3333333333333333 0.6666666666666666 1.0 1.0 1.0 
0.25 0.5 0.75 1.0 1.0 
0.2 0.4 0.6 0.8 1.0 
0.25 0.5 0.75 1.0 1.0 
0.2 0.4 0.6 0.8 1.0 
0.3333333333333333 0.6666666666666666 1.0 1.0 1.0 
0.25 0.5 0.75 1.0 1.0 
1.0 1.0 1.0 1.0 1.0 
0.25 0.5 0.75 1.0 1.0 
0.3333333333333333 0.6666666666666666 1.0 1.0 1.0 
0.25 0.5 0.75 1.0 1.0 
0.3333333333333333 0.6666666666666666 1.0 1.0 1.0 
0.25 0.5 0.75 1.0 1.0 
0.3333333333333333 0.6666666666666666 0.6666666666666666 1.0 1.0 
0.5 1.0 1.0 1.0 1.0 
0.3333333333333333 0.6666666666666666 1.0 1.0 1.0 
0.3333333333333333 0.6666666666666666 1.0 1.0 1.0 
0.25 0.5 0.75 1.0 1.0 
0.25 0.5 0.75 1.0 1.0 
0.25 0.5 0.75 0.75 1.0 
0.2 0.4 0.6 0.8 1.0 
0.25 0.5 0.75 1.0 1.0 
0.5 1.0 1.0 1.0 1.0 
1.0 1.0 1.0 1.0 1.0 
0.5 1.0 1.0 1.0 1.0 
0.2 0.4 0.6 0.8 1.0 
0.2 0.4 0.6 0.8 1.0 
0.2 0.4 0.6 0.8 1.0 
0.25 0.5 0.75 1.0 1.0 
0.2 0.4 0.6 0.8 1.0 
1.0 1.0 1.0 1.0 1.0 
1.0 1.0 1.0 1.0 1.0 
0.2 0.4 0.6 0.8 1.0 
0.2 0.4 0.6 0.8 1.0 
0.2 0.4 0.6 0.8 1.0 
0.3333333333333333 0.6666666666666666 1.0 1.0 1.0 
1.0 1.0 1.0 1.0 1.0 

f1@ results:
0.22222222222222224 0.4444444444444445 0.6666666666666665 0.888888888888889 0.888888888888889 
0.20000000000000004 0.4000000000000001 0.6 0.8000000000000002 1.0 
0.22222222222222224 0.4444444444444445 0.6666666666666665 0.888888888888889 0.888888888888889 
0.22222222222222224 0.4444444444444445 0.6666666666666665 0.888888888888889 0.888888888888889 
0.22222222222222224 0.4444444444444445 0.6666666666666665 0.888888888888889 0.888888888888889 
0.20000000000000004 0.4000000000000001 0.6 0.8000000000000002 1.0 
0.20000000000000004 0.4000000000000001 0.6 0.8000000000000002 1.0 
0.20000000000000004 0.4000000000000001 0.6 0.8000000000000002 1.0 
0.20000000000000004 0.4000000000000001 0.6 0.8000000000000002 1.0 
0.22222222222222224 0.4444444444444445 0.6666666666666665 0.6666666666666665 0.888888888888889 
0.28571428571428575 0.5714285714285715 0.5714285714285715 0.5714285714285715 0.5714285714285715 
0.20000000000000004 0.4000000000000001 0.6 0.8000000000000002 1.0 
0.20000000000000004 0.4000000000000001 0.6 0.8000000000000002 1.0 
0.25 0.5 0.7499999999999999 0.7499999999999999 0.7499999999999999 
0.20000000000000004 0.4000000000000001 0.6 0.8000000000000002 1.0 
0.33333333333333337 0.33333333333333337 0.33333333333333337 0.33333333333333337 0.33333333333333337 
0.25 0.5 0.7499999999999999 0.7499999999999999 0.7499999999999999 
0.20000000000000004 0.4000000000000001 0.6 0.8000000000000002 1.0 
0.20000000000000004 0.4000000000000001 0.6 0.8000000000000002 1.0 
0.20000000000000004 0.4000000000000001 0.6 0.8000000000000002 1.0 
0.28571428571428575 0.5714285714285715 0.5714285714285715 0.5714285714285715 0.5714285714285715 
0.22222222222222224 0.4444444444444445 0.6666666666666665 0.888888888888889 0.888888888888889 
0.22222222222222224 0.4444444444444445 0.6666666666666665 0.888888888888889 0.888888888888889 
0.28571428571428575 0.5714285714285715 0.5714285714285715 0.5714285714285715 0.5714285714285715 
0.22222222222222224 0.4444444444444445 0.6666666666666665 0.888888888888889 0.888888888888889 
0.20000000000000004 0.4000000000000001 0.6 0.8000000000000002 1.0 
0.20000000000000004 0.4000000000000001 0.6 0.8000000000000002 1.0 
0.20000000000000004 0.4000000000000001 0.6 0.8000000000000002 1.0 
0.22222222222222224 0.4444444444444445 0.6666666666666665 0.888888888888889 0.888888888888889 
0.20000000000000004 0.4000000000000001 0.6 0.8000000000000002 1.0 
0.20000000000000004 0.4000000000000001 0.6 0.8000000000000002 1.0 
0.20000000000000004 0.4000000000000001 0.6 0.8000000000000002 1.0 
0.22222222222222224 0.4444444444444445 0.6666666666666665 0.888888888888889 0.888888888888889 
0.22222222222222224 0.4444444444444445 0.6666666666666665 0.888888888888889 0.888888888888889 
0.25 0.5 0.7499999999999999 0.7499999999999999 0.7499999999999999 
0.22222222222222224 0.4444444444444445 0.6666666666666665 0.888888888888889 0.888888888888889 
0.25 0.5 0.7499999999999999 0.7499999999999999 0.7499999999999999 
0.20000000000000004 0.4000000000000001 0.6 0.8000000000000002 1.0 
0.22222222222222224 0.4444444444444445 0.6666666666666665 0.888888888888889 0.888888888888889 
0.28571428571428575 0.5714285714285715 0.5714285714285715 0.5714285714285715 0.5714285714285715 
0.22222222222222224 0.4444444444444445 0.6666666666666665 0.888888888888889 0.888888888888889 
0.28571428571428575 0.5714285714285715 0.5714285714285715 0.5714285714285715 0.5714285714285715 
0.25 0.5 0.7499999999999999 0.7499999999999999 0.7499999999999999 
0.22222222222222224 0.4444444444444445 0.6666666666666665 0.888888888888889 0.888888888888889 
0.25 0.5 0.7499999999999999 0.7499999999999999 0.7499999999999999 
0.22222222222222224 0.4444444444444445 0.6666666666666665 0.888888888888889 0.888888888888889 
0.20000000000000004 0.4000000000000001 0.6 0.8000000000000002 1.0 
0.20000000000000004 0.4000000000000001 0.6 0.8000000000000002 1.0 
0.20000000000000004 0.4000000000000001 0.6 0.8000000000000002 1.0 
0.20000000000000004 0.4000000000000001 0.6 0.8000000000000002 1.0 
0.20000000000000004 0.4000000000000001 0.6 0.8000000000000002 1.0 
0.25 0.5 0.7499999999999999 0.7499999999999999 0.7499999999999999 
0.20000000000000004 0.4000000000000001 0.6 0.8000000000000002 1.0 
0.22222222222222224 0.4444444444444445 0.6666666666666665 0.6666666666666665 0.888888888888889 
0.28571428571428575 0.5714285714285715 0.5714285714285715 0.5714285714285715 0.5714285714285715 
0.22222222222222224 0.4444444444444445 0.6666666666666665 0.888888888888889 0.888888888888889 
0.20000000000000004 0.4000000000000001 0.6 0.8000000000000002 1.0 
0.28571428571428575 0.5714285714285715 0.5714285714285715 0.5714285714285715 0.5714285714285715 
0.28571428571428575 0.5714285714285715 0.5714285714285715 0.5714285714285715 0.5714285714285715 
0.25 0.5 0.7499999999999999 0.7499999999999999 0.7499999999999999 
0.22222222222222224 0.4444444444444445 0.6666666666666665 0.888888888888889 0.888888888888889 
0.28571428571428575 0.5714285714285715 0.5714285714285715 0.5714285714285715 0.5714285714285715 
0.25 0.5 0.7499999999999999 0.7499999999999999 0.7499999999999999 
0.22222222222222224 0.4444444444444445 0.6666666666666665 0.888888888888889 0.888888888888889 
0.20000000000000004 0.4000000000000001 0.6 0.8000000000000002 1.0 
0.22222222222222224 0.4444444444444445 0.6666666666666665 0.888888888888889 0.888888888888889 
0.20000000000000004 0.4000000000000001 0.6 0.8000000000000002 1.0 
0.25 0.5 0.7499999999999999 0.7499999999999999 0.7499999999999999 
0.22222222222222224 0.4444444444444445 0.6666666666666665 0.888888888888889 0.888888888888889 
0.33333333333333337 0.33333333333333337 0.33333333333333337 0.33333333333333337 0.33333333333333337 
0.22222222222222224 0.4444444444444445 0.6666666666666665 0.888888888888889 0.888888888888889 
0.25 0.5 0.7499999999999999 0.7499999999999999 0.7499999999999999 
0.22222222222222224 0.4444444444444445 0.6666666666666665 0.888888888888889 0.888888888888889 
0.25 0.5 0.7499999999999999 0.7499999999999999 0.7499999999999999 
0.22222222222222224 0.4444444444444445 0.6666666666666665 0.888888888888889 0.888888888888889 
0.25 0.5 0.5 0.7499999999999999 0.7499999999999999 
0.28571428571428575 0.5714285714285715 0.5714285714285715 0.5714285714285715 0.5714285714285715 
0.25 0.5 0.7499999999999999 0.7499999999999999 0.7499999999999999 
0.25 0.5 0.7499999999999999 0.7499999999999999 0.7499999999999999 
0.22222222222222224 0.4444444444444445 0.6666666666666665 0.888888888888889 0.888888888888889 
0.22222222222222224 0.4444444444444445 0.6666666666666665 0.888888888888889 0.888888888888889 
0.22222222222222224 0.4444444444444445 0.6666666666666665 0.6666666666666665 0.888888888888889 
0.20000000000000004 0.4000000000000001 0.6 0.8000000000000002 1.0 
0.22222222222222224 0.4444444444444445 0.6666666666666665 0.888888888888889 0.888888888888889 
0.28571428571428575 0.5714285714285715 0.5714285714285715 0.5714285714285715 0.5714285714285715 
0.33333333333333337 0.33333333333333337 0.33333333333333337 0.33333333333333337 0.33333333333333337 
0.28571428571428575 0.5714285714285715 0.5714285714285715 0.5714285714285715 0.5714285714285715 
0.20000000000000004 0.4000000000000001 0.6 0.8000000000000002 1.0 
0.20000000000000004 0.4000000000000001 0.6 0.8000000000000002 1.0 
0.20000000000000004 0.4000000000000001 0.6 0.8000000000000002 1.0 
0.22222222222222224 0.4444444444444445 0.6666666666666665 0.888888888888889 0.888888888888889 
0.20000000000000004 0.4000000000000001 0.6 0.8000000000000002 1.0 
0.33333333333333337 0.33333333333333337 0.33333333333333337 0.33333333333333337 0.33333333333333337 
0.33333333333333337 0.33333333333333337 0.33333333333333337 0.33333333333333337 0.33333333333333337 
0.20000000000000004 0.4000000000000001 0.6 0.8000000000000002 1.0 
0.20000000000000004 0.4000000000000001 0.6 0.8000000000000002 1.0 
0.20000000000000004 0.4000000000000001 0.6 0.8000000000000002 1.0 
0.25 0.5 0.7499999999999999 0.7499999999999999 0.7499999999999999 
0.33333333333333337 0.33333333333333337 0.33333333333333337 0.33333333333333337 0.33333333333333337 

f0.5@ results:
0.20833333333333334 0.4166666666666667 0.625 0.8333333333333334 0.8333333333333334 
0.2 0.4 0.6 0.8 1.0 
0.20833333333333334 0.4166666666666667 0.625 0.8333333333333334 0.8333333333333334 
0.20833333333333334 0.4166666666666667 0.625 0.8333333333333334 0.8333333333333334 
0.20833333333333334 0.4166666666666667 0.625 0.8333333333333334 0.8333333333333334 
0.2 0.4 0.6 0.8 1.0 
0.2 0.4 0.6 0.8 1.0 
0.2 0.4 0.6 0.8 1.0 
0.2 0.4 0.6 0.8 1.0 
0.20833333333333334 0.4166666666666667 0.625 0.625 0.8333333333333334 
0.22727272727272727 0.45454545454545453 0.45454545454545453 0.45454545454545453 0.45454545454545453 
0.2 0.4 0.6 0.8 1.0 
0.2 0.4 0.6 0.8 1.0 
0.21739130434782608 0.43478260869565216 0.6521739130434783 0.6521739130434783 0.6521739130434783 
0.2 0.4 0.6 0.8 1.0 
0.23809523809523808 0.23809523809523808 0.23809523809523808 0.23809523809523808 0.23809523809523808 
0.21739130434782608 0.43478260869565216 0.6521739130434783 0.6521739130434783 0.6521739130434783 
0.2 0.4 0.6 0.8 1.0 
0.2 0.4 0.6 0.8 1.0 
0.2 0.4 0.6 0.8 1.0 
0.22727272727272727 0.45454545454545453 0.45454545454545453 0.45454545454545453 0.45454545454545453 
0.20833333333333334 0.4166666666666667 0.625 0.8333333333333334 0.8333333333333334 
0.20833333333333334 0.4166666666666667 0.625 0.8333333333333334 0.8333333333333334 
0.22727272727272727 0.45454545454545453 0.45454545454545453 0.45454545454545453 0.45454545454545453 
0.20833333333333334 0.4166666666666667 0.625 0.8333333333333334 0.8333333333333334 
0.2 0.4 0.6 0.8 1.0 
0.2 0.4 0.6 0.8 1.0 
0.2 0.4 0.6 0.8 1.0 
0.20833333333333334 0.4166666666666667 0.625 0.8333333333333334 0.8333333333333334 
0.2 0.4 0.6 0.8 1.0 
0.2 0.4 0.6 0.8 1.0 
0.2 0.4 0.6 0.8 1.0 
0.20833333333333334 0.4166666666666667 0.625 0.8333333333333334 0.8333333333333334 
0.20833333333333334 0.4166666666666667 0.625 0.8333333333333334 0.8333333333333334 
0.21739130434782608 0.43478260869565216 0.6521739130434783 0.6521739130434783 0.6521739130434783 
0.20833333333333334 0.4166666666666667 0.625 0.8333333333333334 0.8333333333333334 
0.21739130434782608 0.43478260869565216 0.6521739130434783 0.6521739130434783 0.6521739130434783 
0.2 0.4 0.6 0.8 1.0 
0.20833333333333334 0.4166666666666667 0.625 0.8333333333333334 0.8333333333333334 
0.22727272727272727 0.45454545454545453 0.45454545454545453 0.45454545454545453 0.45454545454545453 
0.20833333333333334 0.4166666666666667 0.625 0.8333333333333334 0.8333333333333334 
0.22727272727272727 0.45454545454545453 0.45454545454545453 0.45454545454545453 0.45454545454545453 
0.21739130434782608 0.43478260869565216 0.6521739130434783 0.6521739130434783 0.6521739130434783 
0.20833333333333334 0.4166666666666667 0.625 0.8333333333333334 0.8333333333333334 
0.21739130434782608 0.43478260869565216 0.6521739130434783 0.6521739130434783 0.6521739130434783 
0.20833333333333334 0.4166666666666667 0.625 0.8333333333333334 0.8333333333333334 
0.2 0.4 0.6 0.8 1.0 
0.2 0.4 0.6 0.8 1.0 
0.2 0.4 0.6 0.8 1.0 
0.2 0.4 0.6 0.8 1.0 
0.2 0.4 0.6 0.8 1.0 
0.21739130434782608 0.43478260869565216 0.6521739130434783 0.6521739130434783 0.6521739130434783 
0.2 0.4 0.6 0.8 1.0 
0.20833333333333334 0.4166666666666667 0.625 0.625 0.8333333333333334 
0.22727272727272727 0.45454545454545453 0.45454545454545453 0.45454545454545453 0.45454545454545453 
0.20833333333333334 0.4166666666666667 0.625 0.8333333333333334 0.8333333333333334 
0.2 0.4 0.6 0.8 1.0 
0.22727272727272727 0.45454545454545453 0.45454545454545453 0.45454545454545453 0.45454545454545453 
0.22727272727272727 0.45454545454545453 0.45454545454545453 0.45454545454545453 0.45454545454545453 
0.21739130434782608 0.43478260869565216 0.6521739130434783 0.6521739130434783 0.6521739130434783 
0.20833333333333334 0.4166666666666667 0.625 0.8333333333333334 0.8333333333333334 
0.22727272727272727 0.45454545454545453 0.45454545454545453 0.45454545454545453 0.45454545454545453 
0.21739130434782608 0.43478260869565216 0.6521739130434783 0.6521739130434783 0.6521739130434783 
0.20833333333333334 0.4166666666666667 0.625 0.8333333333333334 0.8333333333333334 
0.2 0.4 0.6 0.8 1.0 
0.20833333333333334 0.4166666666666667 0.625 0.8333333333333334 0.8333333333333334 
0.2 0.4 0.6 0.8 1.0 
0.21739130434782608 0.43478260869565216 0.6521739130434783 0.6521739130434783 0.6521739130434783 
0.20833333333333334 0.4166666666666667 0.625 0.8333333333333334 0.8333333333333334 
0.23809523809523808 0.23809523809523808 0.23809523809523808 0.23809523809523808 0.23809523809523808 
0.20833333333333334 0.4166666666666667 0.625 0.8333333333333334 0.8333333333333334 
0.21739130434782608 0.43478260869565216 0.6521739130434783 0.6521739130434783 0.6521739130434783 
0.20833333333333334 0.4166666666666667 0.625 0.8333333333333334 0.8333333333333334 
0.21739130434782608 0.43478260869565216 0.6521739130434783 0.6521739130434783 0.6521739130434783 
0.20833333333333334 0.4166666666666667 0.625 0.8333333333333334 0.8333333333333334 
0.21739130434782608 0.43478260869565216 0.43478260869565216 0.6521739130434783 0.6521739130434783 
0.22727272727272727 0.45454545454545453 0.45454545454545453 0.45454545454545453 0.45454545454545453 
0.21739130434782608 0.43478260869565216 0.6521739130434783 0.6521739130434783 0.6521739130434783 
0.21739130434782608 0.43478260869565216 0.6521739130434783 0.6521739130434783 0.6521739130434783 
0.20833333333333334 0.4166666666666667 0.625 0.8333333333333334 0.8333333333333334 
0.20833333333333334 0.4166666666666667 0.625 0.8333333333333334 0.8333333333333334 
0.20833333333333334 0.4166666666666667 0.625 0.625 0.8333333333333334 
0.2 0.4 0.6 0.8 1.0 
0.20833333333333334 0.4166666666666667 0.625 0.8333333333333334 0.8333333333333334 
0.22727272727272727 0.45454545454545453 0.45454545454545453 0.45454545454545453 0.45454545454545453 
0.23809523809523808 0.23809523809523808 0.23809523809523808 0.23809523809523808 0.23809523809523808 
0.22727272727272727 0.45454545454545453 0.45454545454545453 0.45454545454545453 0.45454545454545453 
0.2 0.4 0.6 0.8 1.0 
0.2 0.4 0.6 0.8 1.0 
0.2 0.4 0.6 0.8 1.0 
0.20833333333333334 0.4166666666666667 0.625 0.8333333333333334 0.8333333333333334 
0.2 0.4 0.6 0.8 1.0 
0.23809523809523808 0.23809523809523808 0.23809523809523808 0.23809523809523808 0.23809523809523808 
0.23809523809523808 0.23809523809523808 0.23809523809523808 0.23809523809523808 0.23809523809523808 
0.2 0.4 0.6 0.8 1.0 
0.2 0.4 0.6 0.8 1.0 
0.2 0.4 0.6 0.8 1.0 
0.21739130434782608 0.43478260869565216 0.6521739130434783 0.6521739130434783 0.6521739130434783 
0.23809523809523808 0.23809523809523808 0.23809523809523808 0.23809523809523808 0.23809523809523808 

