prescision@ average results:
0.1979797979797976 0.3939393939393932 0.5696969696969704 0.7050505050505043 0.7818181818181812 

recall@ average results:
0.27693602693602676 0.5437710437710433 0.7601010101010098 0.9116161616161612 0.98989898989899 

F1@ average results:
0.22442680776014082 0.4454866121532782 0.6376863876863875 0.7802228635561957 0.8576639409972735 

F0.5@ average results:
0.20705193284244647 0.4116988632798905 0.5933889525786759 0.7314360906258136 0.808456292646016 

prescision@ results:
0.2 0.4 0.6 0.8 0.8 
0.2 0.4 0.6 0.8 0.8 
0.2 0.4 0.6 0.8 1.0 
0.2 0.4 0.6 0.6 0.6 
0.2 0.4 0.6 0.8 0.8 
0.2 0.4 0.6 0.6 0.6 
0.2 0.4 0.6 0.8 1.0 
0.2 0.4 0.6 0.8 1.0 
0.2 0.4 0.6 0.8 1.0 
0.2 0.4 0.6 0.6 0.6 
0.2 0.4 0.4 0.4 0.4 
0.2 0.4 0.4 0.4 0.4 
0.2 0.4 0.6 0.8 1.0 
0.2 0.4 0.6 0.8 0.8 
0.2 0.4 0.6 0.8 1.0 
0.2 0.4 0.6 0.8 0.8 
0.2 0.4 0.6 0.6 0.6 
0.2 0.4 0.6 0.8 1.0 
0.2 0.4 0.6 0.8 1.0 
0.2 0.4 0.6 0.8 1.0 
0.2 0.4 0.6 0.8 0.8 
0.2 0.4 0.6 0.8 1.0 
0.2 0.4 0.6 0.8 0.8 
0.2 0.4 0.6 0.8 1.0 
0.2 0.4 0.6 0.8 0.8 
0.2 0.4 0.6 0.8 1.0 
0.2 0.4 0.6 0.8 0.8 
0.2 0.4 0.6 0.8 0.8 
0.2 0.4 0.6 0.8 0.8 
0.2 0.4 0.6 0.8 1.0 
0.2 0.4 0.6 0.8 1.0 
0.2 0.4 0.6 0.8 1.0 
0.2 0.4 0.6 0.8 1.0 
0.2 0.4 0.6 0.6 0.6 
0 0 0 0 0 
0.2 0.4 0.6 0.8 0.8 
0.2 0.4 0.4 0.4 0.4 
0.2 0.4 0.6 0.6 0.8 
0.2 0.2 0.2 0.2 0.2 
0.2 0.4 0.4 0.4 0.4 
0.2 0.4 0.6 0.8 0.8 
0.2 0.4 0.6 0.8 1.0 
0.2 0.4 0.6 0.6 0.6 
0.2 0.4 0.6 0.6 0.6 
0.2 0.4 0.6 0.6 0.6 
0.2 0.4 0.6 0.8 0.8 
0.2 0.4 0.6 0.8 1.0 
0.2 0.4 0.6 0.8 1.0 
0.2 0.4 0.6 0.8 0.8 
0.2 0.4 0.6 0.8 0.8 
0.2 0.4 0.6 0.8 0.8 
0.2 0.4 0.6 0.6 0.6 
0.2 0.4 0.6 0.8 0.8 
0.2 0.4 0.6 0.8 0.8 
0.2 0.4 0.4 0.4 0.4 
0.2 0.4 0.6 0.8 0.8 
0.2 0.4 0.6 0.8 1.0 
0.2 0.4 0.4 0.4 0.4 
0.2 0.4 0.6 0.6 0.6 
0.2 0.4 0.6 0.6 0.6 
0.2 0.4 0.6 0.8 0.8 
0.2 0.4 0.6 0.8 1.0 
0.2 0.4 0.4 0.4 0.4 
0.2 0.4 0.6 0.8 1.0 
0.2 0.4 0.6 0.8 1.0 
0.2 0.4 0.6 0.8 1.0 
0.2 0.4 0.6 0.8 0.8 
0.2 0.4 0.6 0.8 0.8 
0.2 0.4 0.6 0.8 0.8 
0.2 0.4 0.6 0.6 0.6 
0.2 0.4 0.6 0.6 0.6 
0.2 0.4 0.6 0.8 1.0 
0.2 0.4 0.4 0.4 0.4 
0.2 0.4 0.6 0.6 0.6 
0.2 0.4 0.6 0.8 0.8 
0.2 0.4 0.6 0.6 0.8 
0.2 0.4 0.4 0.4 0.4 
0.2 0.4 0.6 0.8 0.8 
0.2 0.4 0.6 0.8 1.0 
0.2 0.4 0.6 0.8 0.8 
0.2 0.4 0.6 0.8 0.8 
0.2 0.4 0.6 0.6 0.8 
0.2 0.4 0.6 0.8 0.8 
0.2 0.4 0.6 0.8 1.0 
0.2 0.4 0.6 0.6 0.6 
0.2 0.4 0.6 0.8 1.0 
0.2 0.4 0.6 0.6 0.6 
0.2 0.4 0.6 0.8 1.0 
0.2 0.4 0.6 0.8 1.0 
0.2 0.4 0.6 0.8 0.8 
0.2 0.4 0.6 0.8 0.8 
0.2 0.4 0.6 0.8 1.0 
0.2 0.4 0.4 0.4 0.4 
0.2 0.4 0.6 0.8 1.0 
0.2 0.4 0.6 0.8 1.0 
0.2 0.4 0.6 0.8 1.0 
0.2 0.4 0.6 0.8 0.8 
0.2 0.4 0.6 0.8 1.0 
0.2 0.4 0.6 0.6 0.6 

recall@ results:
0.25 0.5 0.75 1.0 1.0 
0.25 0.5 0.75 1.0 1.0 
0.2 0.4 0.6 0.8 1.0 
0.3333333333333333 0.6666666666666666 1.0 1.0 1.0 
0.25 0.5 0.75 1.0 1.0 
0.3333333333333333 0.6666666666666666 1.0 1.0 1.0 
0.2 0.4 0.6 0.8 1.0 
0.2 0.4 0.6 0.8 1.0 
0.2 0.4 0.6 0.8 1.0 
0.3333333333333333 0.6666666666666666 1.0 1.0 1.0 
0.5 1.0 1.0 1.0 1.0 
0.5 1.0 1.0 1.0 1.0 
0.2 0.4 0.6 0.8 1.0 
0.25 0.5 0.75 1.0 1.0 
0.2 0.4 0.6 0.8 1.0 
0.25 0.5 0.75 1.0 1.0 
0.3333333333333333 0.6666666666666666 1.0 1.0 1.0 
0.2 0.4 0.6 0.8 1.0 
0.2 0.4 0.6 0.8 1.0 
0.2 0.4 0.6 0.8 1.0 
0.25 0.5 0.75 1.0 1.0 
0.2 0.4 0.6 0.8 1.0 
0.25 0.5 0.75 1.0 1.0 
0.2 0.4 0.6 0.8 1.0 
0.25 0.5 0.75 1.0 1.0 
0.2 0.4 0.6 0.8 1.0 
0.25 0.5 0.75 1.0 1.0 
0.25 0.5 0.75 1.0 1.0 
0.25 0.5 0.75 1.0 1.0 
0.2 0.4 0.6 0.8 1.0 
0.2 0.4 0.6 0.8 1.0 
0.2 0.4 0.6 0.8 1.0 
0.2 0.4 0.6 0.8 1.0 
0.3333333333333333 0.6666666666666666 1.0 1.0 1.0 
0 0 0 0 0 
0.25 0.5 0.75 1.0 1.0 
0.5 1.0 1.0 1.0 1.0 
0.25 0.5 0.75 0.75 1.0 
1.0 1.0 1.0 1.0 1.0 
0.5 1.0 1.0 1.0 1.0 
0.25 0.5 0.75 1.0 1.0 
0.2 0.4 0.6 0.8 1.0 
0.3333333333333333 0.6666666666666666 1.0 1.0 1.0 
0.3333333333333333 0.6666666666666666 1.0 1.0 1.0 
0.3333333333333333 0.6666666666666666 1.0 1.0 1.0 
0.25 0.5 0.75 1.0 1.0 
0.2 0.4 0.6 0.8 1.0 
0.2 0.4 0.6 0.8 1.0 
0.25 0.5 0.75 1.0 1.0 
0.25 0.5 0.75 1.0 1.0 
0.25 0.5 0.75 1.0 1.0 
0.3333333333333333 0.6666666666666666 1.0 1.0 1.0 
0.25 0.5 0.75 1.0 1.0 
0.25 0.5 0.75 1.0 1.0 
0.5 1.0 1.0 1.0 1.0 
0.25 0.5 0.75 1.0 1.0 
0.2 0.4 0.6 0.8 1.0 
0.5 1.0 1.0 1.0 1.0 
0.3333333333333333 0.6666666666666666 1.0 1.0 1.0 
0.3333333333333333 0.6666666666666666 1.0 1.0 1.0 
0.25 0.5 0.75 1.0 1.0 
0.2 0.4 0.6 0.8 1.0 
0.5 1.0 1.0 1.0 1.0 
0.2 0.4 0.6 0.8 1.0 
0.2 0.4 0.6 0.8 1.0 
0.2 0.4 0.6 0.8 1.0 
0.25 0.5 0.75 1.0 1.0 
0.25 0.5 0.75 1.0 1.0 
0.25 0.5 0.75 1.0 1.0 
0.3333333333333333 0.6666666666666666 1.0 1.0 1.0 
0.3333333333333333 0.6666666666666666 1.0 1.0 1.0 
0.2 0.4 0.6 0.8 1.0 
0.5 1.0 1.0 1.0 1.0 
0.3333333333333333 0.6666666666666666 1.0 1.0 1.0 
0.25 0.5 0.75 1.0 1.0 
0.25 0.5 0.75 0.75 1.0 
0.5 1.0 1.0 1.0 1.0 
0.25 0.5 0.75 1.0 1.0 
0.2 0.4 0.6 0.8 1.0 
0.25 0.5 0.75 1.0 1.0 
0.25 0.5 0.75 1.0 1.0 
0.25 0.5 0.75 0.75 1.0 
0.25 0.5 0.75 1.0 1.0 
0.2 0.4 0.6 0.8 1.0 
0.3333333333333333 0.6666666666666666 1.0 1.0 1.0 
0.2 0.4 0.6 0.8 1.0 
0.3333333333333333 0.6666666666666666 1.0 1.0 1.0 
0.2 0.4 0.6 0.8 1.0 
0.2 0.4 0.6 0.8 1.0 
0.25 0.5 0.75 1.0 1.0 
0.25 0.5 0.75 1.0 1.0 
0.2 0.4 0.6 0.8 1.0 
0.5 1.0 1.0 1.0 1.0 
0.2 0.4 0.6 0.8 1.0 
0.2 0.4 0.6 0.8 1.0 
0.2 0.4 0.6 0.8 1.0 
0.25 0.5 0.75 1.0 1.0 
0.2 0.4 0.6 0.8 1.0 
0.3333333333333333 0.6666666666666666 1.0 1.0 1.0 

f1@ results:
0.22222222222222224 0.4444444444444445 0.6666666666666665 0.888888888888889 0.888888888888889 
0.22222222222222224 0.4444444444444445 0.6666666666666665 0.888888888888889 0.888888888888889 
0.20000000000000004 0.4000000000000001 0.6 0.8000000000000002 1.0 
0.25 0.5 0.7499999999999999 0.7499999999999999 0.7499999999999999 
0.22222222222222224 0.4444444444444445 0.6666666666666665 0.888888888888889 0.888888888888889 
0.25 0.5 0.7499999999999999 0.7499999999999999 0.7499999999999999 
0.20000000000000004 0.4000000000000001 0.6 0.8000000000000002 1.0 
0.20000000000000004 0.4000000000000001 0.6 0.8000000000000002 1.0 
0.20000000000000004 0.4000000000000001 0.6 0.8000000000000002 1.0 
0.25 0.5 0.7499999999999999 0.7499999999999999 0.7499999999999999 
0.28571428571428575 0.5714285714285715 0.5714285714285715 0.5714285714285715 0.5714285714285715 
0.28571428571428575 0.5714285714285715 0.5714285714285715 0.5714285714285715 0.5714285714285715 
0.20000000000000004 0.4000000000000001 0.6 0.8000000000000002 1.0 
0.22222222222222224 0.4444444444444445 0.6666666666666665 0.888888888888889 0.888888888888889 
0.20000000000000004 0.4000000000000001 0.6 0.8000000000000002 1.0 
0.22222222222222224 0.4444444444444445 0.6666666666666665 0.888888888888889 0.888888888888889 
0.25 0.5 0.7499999999999999 0.7499999999999999 0.7499999999999999 
0.20000000000000004 0.4000000000000001 0.6 0.8000000000000002 1.0 
0.20000000000000004 0.4000000000000001 0.6 0.8000000000000002 1.0 
0.20000000000000004 0.4000000000000001 0.6 0.8000000000000002 1.0 
0.22222222222222224 0.4444444444444445 0.6666666666666665 0.888888888888889 0.888888888888889 
0.20000000000000004 0.4000000000000001 0.6 0.8000000000000002 1.0 
0.22222222222222224 0.4444444444444445 0.6666666666666665 0.888888888888889 0.888888888888889 
0.20000000000000004 0.4000000000000001 0.6 0.8000000000000002 1.0 
0.22222222222222224 0.4444444444444445 0.6666666666666665 0.888888888888889 0.888888888888889 
0.20000000000000004 0.4000000000000001 0.6 0.8000000000000002 1.0 
0.22222222222222224 0.4444444444444445 0.6666666666666665 0.888888888888889 0.888888888888889 
0.22222222222222224 0.4444444444444445 0.6666666666666665 0.888888888888889 0.888888888888889 
0.22222222222222224 0.4444444444444445 0.6666666666666665 0.888888888888889 0.888888888888889 
0.20000000000000004 0.4000000000000001 0.6 0.8000000000000002 1.0 
0.20000000000000004 0.4000000000000001 0.6 0.8000000000000002 1.0 
0.20000000000000004 0.4000000000000001 0.6 0.8000000000000002 1.0 
0.20000000000000004 0.4000000000000001 0.6 0.8000000000000002 1.0 
0.25 0.5 0.7499999999999999 0.7499999999999999 0.7499999999999999 
0 0 0 0 0 
0.22222222222222224 0.4444444444444445 0.6666666666666665 0.888888888888889 0.888888888888889 
0.28571428571428575 0.5714285714285715 0.5714285714285715 0.5714285714285715 0.5714285714285715 
0.22222222222222224 0.4444444444444445 0.6666666666666665 0.6666666666666665 0.888888888888889 
0.33333333333333337 0.33333333333333337 0.33333333333333337 0.33333333333333337 0.33333333333333337 
0.28571428571428575 0.5714285714285715 0.5714285714285715 0.5714285714285715 0.5714285714285715 
0.22222222222222224 0.4444444444444445 0.6666666666666665 0.888888888888889 0.888888888888889 
0.20000000000000004 0.4000000000000001 0.6 0.8000000000000002 1.0 
0.25 0.5 0.7499999999999999 0.7499999999999999 0.7499999999999999 
0.25 0.5 0.7499999999999999 0.7499999999999999 0.7499999999999999 
0.25 0.5 0.7499999999999999 0.7499999999999999 0.7499999999999999 
0.22222222222222224 0.4444444444444445 0.6666666666666665 0.888888888888889 0.888888888888889 
0.20000000000000004 0.4000000000000001 0.6 0.8000000000000002 1.0 
0.20000000000000004 0.4000000000000001 0.6 0.8000000000000002 1.0 
0.22222222222222224 0.4444444444444445 0.6666666666666665 0.888888888888889 0.888888888888889 
0.22222222222222224 0.4444444444444445 0.6666666666666665 0.888888888888889 0.888888888888889 
0.22222222222222224 0.4444444444444445 0.6666666666666665 0.888888888888889 0.888888888888889 
0.25 0.5 0.7499999999999999 0.7499999999999999 0.7499999999999999 
0.22222222222222224 0.4444444444444445 0.6666666666666665 0.888888888888889 0.888888888888889 
0.22222222222222224 0.4444444444444445 0.6666666666666665 0.888888888888889 0.888888888888889 
0.28571428571428575 0.5714285714285715 0.5714285714285715 0.5714285714285715 0.5714285714285715 
0.22222222222222224 0.4444444444444445 0.6666666666666665 0.888888888888889 0.888888888888889 
0.20000000000000004 0.4000000000000001 0.6 0.8000000000000002 1.0 
0.28571428571428575 0.5714285714285715 0.5714285714285715 0.5714285714285715 0.5714285714285715 
0.25 0.5 0.7499999999999999 0.7499999999999999 0.7499999999999999 
0.25 0.5 0.7499999999999999 0.7499999999999999 0.7499999999999999 
0.22222222222222224 0.4444444444444445 0.6666666666666665 0.888888888888889 0.888888888888889 
0.20000000000000004 0.4000000000000001 0.6 0.8000000000000002 1.0 
0.28571428571428575 0.5714285714285715 0.5714285714285715 0.5714285714285715 0.5714285714285715 
0.20000000000000004 0.4000000000000001 0.6 0.8000000000000002 1.0 
0.20000000000000004 0.4000000000000001 0.6 0.8000000000000002 1.0 
0.20000000000000004 0.4000000000000001 0.6 0.8000000000000002 1.0 
0.22222222222222224 0.4444444444444445 0.6666666666666665 0.888888888888889 0.888888888888889 
0.22222222222222224 0.4444444444444445 0.6666666666666665 0.888888888888889 0.888888888888889 
0.22222222222222224 0.4444444444444445 0.6666666666666665 0.888888888888889 0.888888888888889 
0.25 0.5 0.7499999999999999 0.7499999999999999 0.7499999999999999 
0.25 0.5 0.7499999999999999 0.7499999999999999 0.7499999999999999 
0.20000000000000004 0.4000000000000001 0.6 0.8000000000000002 1.0 
0.28571428571428575 0.5714285714285715 0.5714285714285715 0.5714285714285715 0.5714285714285715 
0.25 0.5 0.7499999999999999 0.7499999999999999 0.7499999999999999 
0.22222222222222224 0.4444444444444445 0.6666666666666665 0.888888888888889 0.888888888888889 
0.22222222222222224 0.4444444444444445 0.6666666666666665 0.6666666666666665 0.888888888888889 
0.28571428571428575 0.5714285714285715 0.5714285714285715 0.5714285714285715 0.5714285714285715 
0.22222222222222224 0.4444444444444445 0.6666666666666665 0.888888888888889 0.888888888888889 
0.20000000000000004 0.4000000000000001 0.6 0.8000000000000002 1.0 
0.22222222222222224 0.4444444444444445 0.6666666666666665 0.888888888888889 0.888888888888889 
0.22222222222222224 0.4444444444444445 0.6666666666666665 0.888888888888889 0.888888888888889 
0.22222222222222224 0.4444444444444445 0.6666666666666665 0.6666666666666665 0.888888888888889 
0.22222222222222224 0.4444444444444445 0.6666666666666665 0.888888888888889 0.888888888888889 
0.20000000000000004 0.4000000000000001 0.6 0.8000000000000002 1.0 
0.25 0.5 0.7499999999999999 0.7499999999999999 0.7499999999999999 
0.20000000000000004 0.4000000000000001 0.6 0.8000000000000002 1.0 
0.25 0.5 0.7499999999999999 0.7499999999999999 0.7499999999999999 
0.20000000000000004 0.4000000000000001 0.6 0.8000000000000002 1.0 
0.20000000000000004 0.4000000000000001 0.6 0.8000000000000002 1.0 
0.22222222222222224 0.4444444444444445 0.6666666666666665 0.888888888888889 0.888888888888889 
0.22222222222222224 0.4444444444444445 0.6666666666666665 0.888888888888889 0.888888888888889 
0.20000000000000004 0.4000000000000001 0.6 0.8000000000000002 1.0 
0.28571428571428575 0.5714285714285715 0.5714285714285715 0.5714285714285715 0.5714285714285715 
0.20000000000000004 0.4000000000000001 0.6 0.8000000000000002 1.0 
0.20000000000000004 0.4000000000000001 0.6 0.8000000000000002 1.0 
0.20000000000000004 0.4000000000000001 0.6 0.8000000000000002 1.0 
0.22222222222222224 0.4444444444444445 0.6666666666666665 0.888888888888889 0.888888888888889 
0.20000000000000004 0.4000000000000001 0.6 0.8000000000000002 1.0 
0.25 0.5 0.7499999999999999 0.7499999999999999 0.7499999999999999 

f0.5@ results:
0.20833333333333334 0.4166666666666667 0.625 0.8333333333333334 0.8333333333333334 
0.20833333333333334 0.4166666666666667 0.625 0.8333333333333334 0.8333333333333334 
0.2 0.4 0.6 0.8 1.0 
0.21739130434782608 0.43478260869565216 0.6521739130434783 0.6521739130434783 0.6521739130434783 
0.20833333333333334 0.4166666666666667 0.625 0.8333333333333334 0.8333333333333334 
0.21739130434782608 0.43478260869565216 0.6521739130434783 0.6521739130434783 0.6521739130434783 
0.2 0.4 0.6 0.8 1.0 
0.2 0.4 0.6 0.8 1.0 
0.2 0.4 0.6 0.8 1.0 
0.21739130434782608 0.43478260869565216 0.6521739130434783 0.6521739130434783 0.6521739130434783 
0.22727272727272727 0.45454545454545453 0.45454545454545453 0.45454545454545453 0.45454545454545453 
0.22727272727272727 0.45454545454545453 0.45454545454545453 0.45454545454545453 0.45454545454545453 
0.2 0.4 0.6 0.8 1.0 
0.20833333333333334 0.4166666666666667 0.625 0.8333333333333334 0.8333333333333334 
0.2 0.4 0.6 0.8 1.0 
0.20833333333333334 0.4166666666666667 0.625 0.8333333333333334 0.8333333333333334 
0.21739130434782608 0.43478260869565216 0.6521739130434783 0.6521739130434783 0.6521739130434783 
0.2 0.4 0.6 0.8 1.0 
0.2 0.4 0.6 0.8 1.0 
0.2 0.4 0.6 0.8 1.0 
0.20833333333333334 0.4166666666666667 0.625 0.8333333333333334 0.8333333333333334 
0.2 0.4 0.6 0.8 1.0 
0.20833333333333334 0.4166666666666667 0.625 0.8333333333333334 0.8333333333333334 
0.2 0.4 0.6 0.8 1.0 
0.20833333333333334 0.4166666666666667 0.625 0.8333333333333334 0.8333333333333334 
0.2 0.4 0.6 0.8 1.0 
0.20833333333333334 0.4166666666666667 0.625 0.8333333333333334 0.8333333333333334 
0.20833333333333334 0.4166666666666667 0.625 0.8333333333333334 0.8333333333333334 
0.20833333333333334 0.4166666666666667 0.625 0.8333333333333334 0.8333333333333334 
0.2 0.4 0.6 0.8 1.0 
0.2 0.4 0.6 0.8 1.0 
0.2 0.4 0.6 0.8 1.0 
0.2 0.4 0.6 0.8 1.0 
0.21739130434782608 0.43478260869565216 0.6521739130434783 0.6521739130434783 0.6521739130434783 
0 0 0 0 0 
0.20833333333333334 0.4166666666666667 0.625 0.8333333333333334 0.8333333333333334 
0.22727272727272727 0.45454545454545453 0.45454545454545453 0.45454545454545453 0.45454545454545453 
0.20833333333333334 0.4166666666666667 0.625 0.625 0.8333333333333334 
0.23809523809523808 0.23809523809523808 0.23809523809523808 0.23809523809523808 0.23809523809523808 
0.22727272727272727 0.45454545454545453 0.45454545454545453 0.45454545454545453 0.45454545454545453 
0.20833333333333334 0.4166666666666667 0.625 0.8333333333333334 0.8333333333333334 
0.2 0.4 0.6 0.8 1.0 
0.21739130434782608 0.43478260869565216 0.6521739130434783 0.6521739130434783 0.6521739130434783 
0.21739130434782608 0.43478260869565216 0.6521739130434783 0.6521739130434783 0.6521739130434783 
0.21739130434782608 0.43478260869565216 0.6521739130434783 0.6521739130434783 0.6521739130434783 
0.20833333333333334 0.4166666666666667 0.625 0.8333333333333334 0.8333333333333334 
0.2 0.4 0.6 0.8 1.0 
0.2 0.4 0.6 0.8 1.0 
0.20833333333333334 0.4166666666666667 0.625 0.8333333333333334 0.8333333333333334 
0.20833333333333334 0.4166666666666667 0.625 0.8333333333333334 0.8333333333333334 
0.20833333333333334 0.4166666666666667 0.625 0.8333333333333334 0.8333333333333334 
0.21739130434782608 0.43478260869565216 0.6521739130434783 0.6521739130434783 0.6521739130434783 
0.20833333333333334 0.4166666666666667 0.625 0.8333333333333334 0.8333333333333334 
0.20833333333333334 0.4166666666666667 0.625 0.8333333333333334 0.8333333333333334 
0.22727272727272727 0.45454545454545453 0.45454545454545453 0.45454545454545453 0.45454545454545453 
0.20833333333333334 0.4166666666666667 0.625 0.8333333333333334 0.8333333333333334 
0.2 0.4 0.6 0.8 1.0 
0.22727272727272727 0.45454545454545453 0.45454545454545453 0.45454545454545453 0.45454545454545453 
0.21739130434782608 0.43478260869565216 0.6521739130434783 0.6521739130434783 0.6521739130434783 
0.21739130434782608 0.43478260869565216 0.6521739130434783 0.6521739130434783 0.6521739130434783 
0.20833333333333334 0.4166666666666667 0.625 0.8333333333333334 0.8333333333333334 
0.2 0.4 0.6 0.8 1.0 
0.22727272727272727 0.45454545454545453 0.45454545454545453 0.45454545454545453 0.45454545454545453 
0.2 0.4 0.6 0.8 1.0 
0.2 0.4 0.6 0.8 1.0 
0.2 0.4 0.6 0.8 1.0 
0.20833333333333334 0.4166666666666667 0.625 0.8333333333333334 0.8333333333333334 
0.20833333333333334 0.4166666666666667 0.625 0.8333333333333334 0.8333333333333334 
0.20833333333333334 0.4166666666666667 0.625 0.8333333333333334 0.8333333333333334 
0.21739130434782608 0.43478260869565216 0.6521739130434783 0.6521739130434783 0.6521739130434783 
0.21739130434782608 0.43478260869565216 0.6521739130434783 0.6521739130434783 0.6521739130434783 
0.2 0.4 0.6 0.8 1.0 
0.22727272727272727 0.45454545454545453 0.45454545454545453 0.45454545454545453 0.45454545454545453 
0.21739130434782608 0.43478260869565216 0.6521739130434783 0.6521739130434783 0.6521739130434783 
0.20833333333333334 0.4166666666666667 0.625 0.8333333333333334 0.8333333333333334 
0.20833333333333334 0.4166666666666667 0.625 0.625 0.8333333333333334 
0.22727272727272727 0.45454545454545453 0.45454545454545453 0.45454545454545453 0.45454545454545453 
0.20833333333333334 0.4166666666666667 0.625 0.8333333333333334 0.8333333333333334 
0.2 0.4 0.6 0.8 1.0 
0.20833333333333334 0.4166666666666667 0.625 0.8333333333333334 0.8333333333333334 
0.20833333333333334 0.4166666666666667 0.625 0.8333333333333334 0.8333333333333334 
0.20833333333333334 0.4166666666666667 0.625 0.625 0.8333333333333334 
0.20833333333333334 0.4166666666666667 0.625 0.8333333333333334 0.8333333333333334 
0.2 0.4 0.6 0.8 1.0 
0.21739130434782608 0.43478260869565216 0.6521739130434783 0.6521739130434783 0.6521739130434783 
0.2 0.4 0.6 0.8 1.0 
0.21739130434782608 0.43478260869565216 0.6521739130434783 0.6521739130434783 0.6521739130434783 
0.2 0.4 0.6 0.8 1.0 
0.2 0.4 0.6 0.8 1.0 
0.20833333333333334 0.4166666666666667 0.625 0.8333333333333334 0.8333333333333334 
0.20833333333333334 0.4166666666666667 0.625 0.8333333333333334 0.8333333333333334 
0.2 0.4 0.6 0.8 1.0 
0.22727272727272727 0.45454545454545453 0.45454545454545453 0.45454545454545453 0.45454545454545453 
0.2 0.4 0.6 0.8 1.0 
0.2 0.4 0.6 0.8 1.0 
0.2 0.4 0.6 0.8 1.0 
0.20833333333333334 0.4166666666666667 0.625 0.8333333333333334 0.8333333333333334 
0.2 0.4 0.6 0.8 1.0 
0.21739130434782608 0.43478260869565216 0.6521739130434783 0.6521739130434783 0.6521739130434783 

