prescision@ average results:
0.19999999999999962 0.3959595959595952 0.5818181818181826 0.7232323232323226 0.8080808080808078 

recall@ average results:
0.26986531986531964 0.5262626262626259 0.7557239057239054 0.9136363636363629 1.0 

F1@ average results:
0.22405002405002375 0.4422077922077916 0.6455747955747958 0.7942279942279933 0.8797498797498791 

F0.5@ average results:
0.208328865542304 0.41205685691851646 0.6042066153726234 0.7483216790529037 0.8334226891539144 

prescision@ results:
0.2 0.4 0.6 0.8 0.8 
0.2 0.4 0.6 0.8 0.8 
0.2 0.4 0.6 0.8 0.8 
0.2 0.4 0.6 0.8 0.8 
0.2 0.4 0.6 0.6 0.6 
0.2 0.4 0.6 0.8 1.0 
0.2 0.4 0.6 0.8 1.0 
0.2 0.4 0.6 0.8 1.0 
0.2 0.4 0.6 0.8 0.8 
0.2 0.4 0.6 0.6 0.8 
0.2 0.4 0.6 0.6 0.6 
0.2 0.4 0.6 0.6 0.6 
0.2 0.4 0.6 0.8 1.0 
0.2 0.4 0.6 0.8 0.8 
0.2 0.4 0.6 0.8 0.8 
0.2 0.4 0.4 0.4 0.4 
0.2 0.4 0.6 0.8 0.8 
0.2 0.4 0.6 0.8 1.0 
0.2 0.4 0.6 0.8 1.0 
0.2 0.4 0.6 0.8 1.0 
0.2 0.4 0.6 0.8 0.8 
0.2 0.4 0.6 0.8 1.0 
0.2 0.4 0.6 0.8 0.8 
0.2 0.4 0.6 0.6 0.6 
0.2 0.4 0.6 0.8 0.8 
0.2 0.4 0.6 0.8 1.0 
0.2 0.4 0.6 0.8 0.8 
0.2 0.4 0.6 0.8 1.0 
0.2 0.4 0.6 0.8 0.8 
0.2 0.4 0.6 0.6 0.6 
0.2 0.4 0.6 0.8 1.0 
0.2 0.4 0.6 0.8 1.0 
0.2 0.4 0.6 0.8 0.8 
0.2 0.4 0.4 0.4 0.4 
0.2 0.4 0.6 0.8 0.8 
0.2 0.4 0.6 0.6 0.6 
0.2 0.4 0.6 0.6 0.6 
0.2 0.4 0.6 0.6 0.8 
0.2 0.4 0.4 0.4 0.4 
0.2 0.4 0.4 0.4 0.4 
0.2 0.4 0.6 0.8 0.8 
0.2 0.4 0.6 0.8 1.0 
0.2 0.4 0.4 0.4 0.4 
0.2 0.4 0.6 0.8 0.8 
0.2 0.4 0.6 0.8 0.8 
0.2 0.4 0.6 0.8 0.8 
0.2 0.4 0.6 0.8 1.0 
0.2 0.4 0.6 0.6 0.6 
0.2 0.4 0.6 0.8 0.8 
0.2 0.4 0.6 0.8 1.0 
0.2 0.4 0.6 0.8 0.8 
0.2 0.4 0.6 0.6 0.6 
0.2 0.4 0.6 0.8 1.0 
0.2 0.4 0.6 0.8 0.8 
0.2 0.4 0.6 0.6 0.6 
0.2 0.4 0.6 0.6 0.6 
0.2 0.4 0.6 0.8 1.0 
0.2 0.4 0.6 0.6 0.6 
0.2 0.4 0.6 0.8 1.0 
0.2 0.4 0.6 0.8 1.0 
0.2 0.4 0.6 0.6 0.6 
0.2 0.4 0.6 0.8 0.8 
0.2 0.2 0.2 0.2 0.2 
0.2 0.4 0.6 0.8 1.0 
0.2 0.4 0.6 0.8 1.0 
0.2 0.4 0.6 0.8 1.0 
0.2 0.4 0.6 0.8 1.0 
0.2 0.4 0.6 0.6 0.6 
0.2 0.4 0.6 0.8 0.8 
0.2 0.4 0.6 0.8 0.8 
0.2 0.4 0.6 0.8 0.8 
0.2 0.4 0.6 0.8 1.0 
0.2 0.4 0.6 0.8 1.0 
0.2 0.4 0.6 0.8 1.0 
0.2 0.4 0.6 0.6 0.6 
0.2 0.2 0.4 0.6 0.6 
0.2 0.4 0.6 0.8 0.8 
0.2 0.4 0.6 0.6 0.6 
0.2 0.4 0.6 0.8 0.8 
0.2 0.4 0.6 0.8 1.0 
0.2 0.4 0.6 0.8 0.8 
0.2 0.4 0.6 0.6 0.8 
0.2 0.4 0.6 0.8 1.0 
0.2 0.4 0.6 0.8 0.8 
0.2 0.4 0.6 0.6 0.6 
0.2 0.4 0.6 0.8 1.0 
0.2 0.4 0.6 0.6 0.6 
0.2 0.4 0.6 0.8 1.0 
0.2 0.4 0.6 0.6 0.6 
0.2 0.4 0.6 0.8 1.0 
0.2 0.4 0.6 0.8 1.0 
0.2 0.4 0.6 0.8 1.0 
0.2 0.4 0.6 0.8 1.0 
0.2 0.4 0.6 0.8 1.0 
0.2 0.4 0.6 0.8 1.0 
0.2 0.4 0.6 0.8 1.0 
0.2 0.4 0.6 0.8 1.0 
0.2 0.4 0.6 0.8 1.0 
0.2 0.4 0.4 0.4 0.4 

recall@ results:
0.25 0.5 0.75 1.0 1.0 
0.25 0.5 0.75 1.0 1.0 
0.25 0.5 0.75 1.0 1.0 
0.25 0.5 0.75 1.0 1.0 
0.3333333333333333 0.6666666666666666 1.0 1.0 1.0 
0.2 0.4 0.6 0.8 1.0 
0.2 0.4 0.6 0.8 1.0 
0.2 0.4 0.6 0.8 1.0 
0.25 0.5 0.75 1.0 1.0 
0.25 0.5 0.75 0.75 1.0 
0.3333333333333333 0.6666666666666666 1.0 1.0 1.0 
0.3333333333333333 0.6666666666666666 1.0 1.0 1.0 
0.2 0.4 0.6 0.8 1.0 
0.25 0.5 0.75 1.0 1.0 
0.25 0.5 0.75 1.0 1.0 
0.5 1.0 1.0 1.0 1.0 
0.25 0.5 0.75 1.0 1.0 
0.2 0.4 0.6 0.8 1.0 
0.2 0.4 0.6 0.8 1.0 
0.2 0.4 0.6 0.8 1.0 
0.25 0.5 0.75 1.0 1.0 
0.2 0.4 0.6 0.8 1.0 
0.25 0.5 0.75 1.0 1.0 
0.3333333333333333 0.6666666666666666 1.0 1.0 1.0 
0.25 0.5 0.75 1.0 1.0 
0.2 0.4 0.6 0.8 1.0 
0.25 0.5 0.75 1.0 1.0 
0.2 0.4 0.6 0.8 1.0 
0.25 0.5 0.75 1.0 1.0 
0.3333333333333333 0.6666666666666666 1.0 1.0 1.0 
0.2 0.4 0.6 0.8 1.0 
0.2 0.4 0.6 0.8 1.0 
0.25 0.5 0.75 1.0 1.0 
0.5 1.0 1.0 1.0 1.0 
0.25 0.5 0.75 1.0 1.0 
0.3333333333333333 0.6666666666666666 1.0 1.0 1.0 
0.3333333333333333 0.6666666666666666 1.0 1.0 1.0 
0.25 0.5 0.75 0.75 1.0 
0.5 1.0 1.0 1.0 1.0 
0.5 1.0 1.0 1.0 1.0 
0.25 0.5 0.75 1.0 1.0 
0.2 0.4 0.6 0.8 1.0 
0.5 1.0 1.0 1.0 1.0 
0.25 0.5 0.75 1.0 1.0 
0.25 0.5 0.75 1.0 1.0 
0.25 0.5 0.75 1.0 1.0 
0.2 0.4 0.6 0.8 1.0 
0.3333333333333333 0.6666666666666666 1.0 1.0 1.0 
0.25 0.5 0.75 1.0 1.0 
0.2 0.4 0.6 0.8 1.0 
0.25 0.5 0.75 1.0 1.0 
0.3333333333333333 0.6666666666666666 1.0 1.0 1.0 
0.2 0.4 0.6 0.8 1.0 
0.25 0.5 0.75 1.0 1.0 
0.3333333333333333 0.6666666666666666 1.0 1.0 1.0 
0.3333333333333333 0.6666666666666666 1.0 1.0 1.0 
0.2 0.4 0.6 0.8 1.0 
0.3333333333333333 0.6666666666666666 1.0 1.0 1.0 
0.2 0.4 0.6 0.8 1.0 
0.2 0.4 0.6 0.8 1.0 
0.3333333333333333 0.6666666666666666 1.0 1.0 1.0 
0.25 0.5 0.75 1.0 1.0 
1.0 1.0 1.0 1.0 1.0 
0.2 0.4 0.6 0.8 1.0 
0.2 0.4 0.6 0.8 1.0 
0.2 0.4 0.6 0.8 1.0 
0.2 0.4 0.6 0.8 1.0 
0.3333333333333333 0.6666666666666666 1.0 1.0 1.0 
0.25 0.5 0.75 1.0 1.0 
0.25 0.5 0.75 1.0 1.0 
0.25 0.5 0.75 1.0 1.0 
0.2 0.4 0.6 0.8 1.0 
0.2 0.4 0.6 0.8 1.0 
0.2 0.4 0.6 0.8 1.0 
0.3333333333333333 0.6666666666666666 1.0 1.0 1.0 
0.3333333333333333 0.3333333333333333 0.6666666666666666 1.0 1.0 
0.25 0.5 0.75 1.0 1.0 
0.3333333333333333 0.6666666666666666 1.0 1.0 1.0 
0.25 0.5 0.75 1.0 1.0 
0.2 0.4 0.6 0.8 1.0 
0.25 0.5 0.75 1.0 1.0 
0.25 0.5 0.75 0.75 1.0 
0.2 0.4 0.6 0.8 1.0 
0.25 0.5 0.75 1.0 1.0 
0.3333333333333333 0.6666666666666666 1.0 1.0 1.0 
0.2 0.4 0.6 0.8 1.0 
0.3333333333333333 0.6666666666666666 1.0 1.0 1.0 
0.2 0.4 0.6 0.8 1.0 
0.3333333333333333 0.6666666666666666 1.0 1.0 1.0 
0.2 0.4 0.6 0.8 1.0 
0.2 0.4 0.6 0.8 1.0 
0.2 0.4 0.6 0.8 1.0 
0.2 0.4 0.6 0.8 1.0 
0.2 0.4 0.6 0.8 1.0 
0.2 0.4 0.6 0.8 1.0 
0.2 0.4 0.6 0.8 1.0 
0.2 0.4 0.6 0.8 1.0 
0.2 0.4 0.6 0.8 1.0 
0.5 1.0 1.0 1.0 1.0 

f1@ results:
0.22222222222222224 0.4444444444444445 0.6666666666666665 0.888888888888889 0.888888888888889 
0.22222222222222224 0.4444444444444445 0.6666666666666665 0.888888888888889 0.888888888888889 
0.22222222222222224 0.4444444444444445 0.6666666666666665 0.888888888888889 0.888888888888889 
0.22222222222222224 0.4444444444444445 0.6666666666666665 0.888888888888889 0.888888888888889 
0.25 0.5 0.7499999999999999 0.7499999999999999 0.7499999999999999 
0.20000000000000004 0.4000000000000001 0.6 0.8000000000000002 1.0 
0.20000000000000004 0.4000000000000001 0.6 0.8000000000000002 1.0 
0.20000000000000004 0.4000000000000001 0.6 0.8000000000000002 1.0 
0.22222222222222224 0.4444444444444445 0.6666666666666665 0.888888888888889 0.888888888888889 
0.22222222222222224 0.4444444444444445 0.6666666666666665 0.6666666666666665 0.888888888888889 
0.25 0.5 0.7499999999999999 0.7499999999999999 0.7499999999999999 
0.25 0.5 0.7499999999999999 0.7499999999999999 0.7499999999999999 
0.20000000000000004 0.4000000000000001 0.6 0.8000000000000002 1.0 
0.22222222222222224 0.4444444444444445 0.6666666666666665 0.888888888888889 0.888888888888889 
0.22222222222222224 0.4444444444444445 0.6666666666666665 0.888888888888889 0.888888888888889 
0.28571428571428575 0.5714285714285715 0.5714285714285715 0.5714285714285715 0.5714285714285715 
0.22222222222222224 0.4444444444444445 0.6666666666666665 0.888888888888889 0.888888888888889 
0.20000000000000004 0.4000000000000001 0.6 0.8000000000000002 1.0 
0.20000000000000004 0.4000000000000001 0.6 0.8000000000000002 1.0 
0.20000000000000004 0.4000000000000001 0.6 0.8000000000000002 1.0 
0.22222222222222224 0.4444444444444445 0.6666666666666665 0.888888888888889 0.888888888888889 
0.20000000000000004 0.4000000000000001 0.6 0.8000000000000002 1.0 
0.22222222222222224 0.4444444444444445 0.6666666666666665 0.888888888888889 0.888888888888889 
0.25 0.5 0.7499999999999999 0.7499999999999999 0.7499999999999999 
0.22222222222222224 0.4444444444444445 0.6666666666666665 0.888888888888889 0.888888888888889 
0.20000000000000004 0.4000000000000001 0.6 0.8000000000000002 1.0 
0.22222222222222224 0.4444444444444445 0.6666666666666665 0.888888888888889 0.888888888888889 
0.20000000000000004 0.4000000000000001 0.6 0.8000000000000002 1.0 
0.22222222222222224 0.4444444444444445 0.6666666666666665 0.888888888888889 0.888888888888889 
0.25 0.5 0.7499999999999999 0.7499999999999999 0.7499999999999999 
0.20000000000000004 0.4000000000000001 0.6 0.8000000000000002 1.0 
0.20000000000000004 0.4000000000000001 0.6 0.8000000000000002 1.0 
0.22222222222222224 0.4444444444444445 0.6666666666666665 0.888888888888889 0.888888888888889 
0.28571428571428575 0.5714285714285715 0.5714285714285715 0.5714285714285715 0.5714285714285715 
0.22222222222222224 0.4444444444444445 0.6666666666666665 0.888888888888889 0.888888888888889 
0.25 0.5 0.7499999999999999 0.7499999999999999 0.7499999999999999 
0.25 0.5 0.7499999999999999 0.7499999999999999 0.7499999999999999 
0.22222222222222224 0.4444444444444445 0.6666666666666665 0.6666666666666665 0.888888888888889 
0.28571428571428575 0.5714285714285715 0.5714285714285715 0.5714285714285715 0.5714285714285715 
0.28571428571428575 0.5714285714285715 0.5714285714285715 0.5714285714285715 0.5714285714285715 
0.22222222222222224 0.4444444444444445 0.6666666666666665 0.888888888888889 0.888888888888889 
0.20000000000000004 0.4000000000000001 0.6 0.8000000000000002 1.0 
0.28571428571428575 0.5714285714285715 0.5714285714285715 0.5714285714285715 0.5714285714285715 
0.22222222222222224 0.4444444444444445 0.6666666666666665 0.888888888888889 0.888888888888889 
0.22222222222222224 0.4444444444444445 0.6666666666666665 0.888888888888889 0.888888888888889 
0.22222222222222224 0.4444444444444445 0.6666666666666665 0.888888888888889 0.888888888888889 
0.20000000000000004 0.4000000000000001 0.6 0.8000000000000002 1.0 
0.25 0.5 0.7499999999999999 0.7499999999999999 0.7499999999999999 
0.22222222222222224 0.4444444444444445 0.6666666666666665 0.888888888888889 0.888888888888889 
0.20000000000000004 0.4000000000000001 0.6 0.8000000000000002 1.0 
0.22222222222222224 0.4444444444444445 0.6666666666666665 0.888888888888889 0.888888888888889 
0.25 0.5 0.7499999999999999 0.7499999999999999 0.7499999999999999 
0.20000000000000004 0.4000000000000001 0.6 0.8000000000000002 1.0 
0.22222222222222224 0.4444444444444445 0.6666666666666665 0.888888888888889 0.888888888888889 
0.25 0.5 0.7499999999999999 0.7499999999999999 0.7499999999999999 
0.25 0.5 0.7499999999999999 0.7499999999999999 0.7499999999999999 
0.20000000000000004 0.4000000000000001 0.6 0.8000000000000002 1.0 
0.25 0.5 0.7499999999999999 0.7499999999999999 0.7499999999999999 
0.20000000000000004 0.4000000000000001 0.6 0.8000000000000002 1.0 
0.20000000000000004 0.4000000000000001 0.6 0.8000000000000002 1.0 
0.25 0.5 0.7499999999999999 0.7499999999999999 0.7499999999999999 
0.22222222222222224 0.4444444444444445 0.6666666666666665 0.888888888888889 0.888888888888889 
0.33333333333333337 0.33333333333333337 0.33333333333333337 0.33333333333333337 0.33333333333333337 
0.20000000000000004 0.4000000000000001 0.6 0.8000000000000002 1.0 
0.20000000000000004 0.4000000000000001 0.6 0.8000000000000002 1.0 
0.20000000000000004 0.4000000000000001 0.6 0.8000000000000002 1.0 
0.20000000000000004 0.4000000000000001 0.6 0.8000000000000002 1.0 
0.25 0.5 0.7499999999999999 0.7499999999999999 0.7499999999999999 
0.22222222222222224 0.4444444444444445 0.6666666666666665 0.888888888888889 0.888888888888889 
0.22222222222222224 0.4444444444444445 0.6666666666666665 0.888888888888889 0.888888888888889 
0.22222222222222224 0.4444444444444445 0.6666666666666665 0.888888888888889 0.888888888888889 
0.20000000000000004 0.4000000000000001 0.6 0.8000000000000002 1.0 
0.20000000000000004 0.4000000000000001 0.6 0.8000000000000002 1.0 
0.20000000000000004 0.4000000000000001 0.6 0.8000000000000002 1.0 
0.25 0.5 0.7499999999999999 0.7499999999999999 0.7499999999999999 
0.25 0.25 0.5 0.7499999999999999 0.7499999999999999 
0.22222222222222224 0.4444444444444445 0.6666666666666665 0.888888888888889 0.888888888888889 
0.25 0.5 0.7499999999999999 0.7499999999999999 0.7499999999999999 
0.22222222222222224 0.4444444444444445 0.6666666666666665 0.888888888888889 0.888888888888889 
0.20000000000000004 0.4000000000000001 0.6 0.8000000000000002 1.0 
0.22222222222222224 0.4444444444444445 0.6666666666666665 0.888888888888889 0.888888888888889 
0.22222222222222224 0.4444444444444445 0.6666666666666665 0.6666666666666665 0.888888888888889 
0.20000000000000004 0.4000000000000001 0.6 0.8000000000000002 1.0 
0.22222222222222224 0.4444444444444445 0.6666666666666665 0.888888888888889 0.888888888888889 
0.25 0.5 0.7499999999999999 0.7499999999999999 0.7499999999999999 
0.20000000000000004 0.4000000000000001 0.6 0.8000000000000002 1.0 
0.25 0.5 0.7499999999999999 0.7499999999999999 0.7499999999999999 
0.20000000000000004 0.4000000000000001 0.6 0.8000000000000002 1.0 
0.25 0.5 0.7499999999999999 0.7499999999999999 0.7499999999999999 
0.20000000000000004 0.4000000000000001 0.6 0.8000000000000002 1.0 
0.20000000000000004 0.4000000000000001 0.6 0.8000000000000002 1.0 
0.20000000000000004 0.4000000000000001 0.6 0.8000000000000002 1.0 
0.20000000000000004 0.4000000000000001 0.6 0.8000000000000002 1.0 
0.20000000000000004 0.4000000000000001 0.6 0.8000000000000002 1.0 
0.20000000000000004 0.4000000000000001 0.6 0.8000000000000002 1.0 
0.20000000000000004 0.4000000000000001 0.6 0.8000000000000002 1.0 
0.20000000000000004 0.4000000000000001 0.6 0.8000000000000002 1.0 
0.20000000000000004 0.4000000000000001 0.6 0.8000000000000002 1.0 
0.28571428571428575 0.5714285714285715 0.5714285714285715 0.5714285714285715 0.5714285714285715 

f0.5@ results:
0.20833333333333334 0.4166666666666667 0.625 0.8333333333333334 0.8333333333333334 
0.20833333333333334 0.4166666666666667 0.625 0.8333333333333334 0.8333333333333334 
0.20833333333333334 0.4166666666666667 0.625 0.8333333333333334 0.8333333333333334 
0.20833333333333334 0.4166666666666667 0.625 0.8333333333333334 0.8333333333333334 
0.21739130434782608 0.43478260869565216 0.6521739130434783 0.6521739130434783 0.6521739130434783 
0.2 0.4 0.6 0.8 1.0 
0.2 0.4 0.6 0.8 1.0 
0.2 0.4 0.6 0.8 1.0 
0.20833333333333334 0.4166666666666667 0.625 0.8333333333333334 0.8333333333333334 
0.20833333333333334 0.4166666666666667 0.625 0.625 0.8333333333333334 
0.21739130434782608 0.43478260869565216 0.6521739130434783 0.6521739130434783 0.6521739130434783 
0.21739130434782608 0.43478260869565216 0.6521739130434783 0.6521739130434783 0.6521739130434783 
0.2 0.4 0.6 0.8 1.0 
0.20833333333333334 0.4166666666666667 0.625 0.8333333333333334 0.8333333333333334 
0.20833333333333334 0.4166666666666667 0.625 0.8333333333333334 0.8333333333333334 
0.22727272727272727 0.45454545454545453 0.45454545454545453 0.45454545454545453 0.45454545454545453 
0.20833333333333334 0.4166666666666667 0.625 0.8333333333333334 0.8333333333333334 
0.2 0.4 0.6 0.8 1.0 
0.2 0.4 0.6 0.8 1.0 
0.2 0.4 0.6 0.8 1.0 
0.20833333333333334 0.4166666666666667 0.625 0.8333333333333334 0.8333333333333334 
0.2 0.4 0.6 0.8 1.0 
0.20833333333333334 0.4166666666666667 0.625 0.8333333333333334 0.8333333333333334 
0.21739130434782608 0.43478260869565216 0.6521739130434783 0.6521739130434783 0.6521739130434783 
0.20833333333333334 0.4166666666666667 0.625 0.8333333333333334 0.8333333333333334 
0.2 0.4 0.6 0.8 1.0 
0.20833333333333334 0.4166666666666667 0.625 0.8333333333333334 0.8333333333333334 
0.2 0.4 0.6 0.8 1.0 
0.20833333333333334 0.4166666666666667 0.625 0.8333333333333334 0.8333333333333334 
0.21739130434782608 0.43478260869565216 0.6521739130434783 0.6521739130434783 0.6521739130434783 
0.2 0.4 0.6 0.8 1.0 
0.2 0.4 0.6 0.8 1.0 
0.20833333333333334 0.4166666666666667 0.625 0.8333333333333334 0.8333333333333334 
0.22727272727272727 0.45454545454545453 0.45454545454545453 0.45454545454545453 0.45454545454545453 
0.20833333333333334 0.4166666666666667 0.625 0.8333333333333334 0.8333333333333334 
0.21739130434782608 0.43478260869565216 0.6521739130434783 0.6521739130434783 0.6521739130434783 
0.21739130434782608 0.43478260869565216 0.6521739130434783 0.6521739130434783 0.6521739130434783 
0.20833333333333334 0.4166666666666667 0.625 0.625 0.8333333333333334 
0.22727272727272727 0.45454545454545453 0.45454545454545453 0.45454545454545453 0.45454545454545453 
0.22727272727272727 0.45454545454545453 0.45454545454545453 0.45454545454545453 0.45454545454545453 
0.20833333333333334 0.4166666666666667 0.625 0.8333333333333334 0.8333333333333334 
0.2 0.4 0.6 0.8 1.0 
0.22727272727272727 0.45454545454545453 0.45454545454545453 0.45454545454545453 0.45454545454545453 
0.20833333333333334 0.4166666666666667 0.625 0.8333333333333334 0.8333333333333334 
0.20833333333333334 0.4166666666666667 0.625 0.8333333333333334 0.8333333333333334 
0.20833333333333334 0.4166666666666667 0.625 0.8333333333333334 0.8333333333333334 
0.2 0.4 0.6 0.8 1.0 
0.21739130434782608 0.43478260869565216 0.6521739130434783 0.6521739130434783 0.6521739130434783 
0.20833333333333334 0.4166666666666667 0.625 0.8333333333333334 0.8333333333333334 
0.2 0.4 0.6 0.8 1.0 
0.20833333333333334 0.4166666666666667 0.625 0.8333333333333334 0.8333333333333334 
0.21739130434782608 0.43478260869565216 0.6521739130434783 0.6521739130434783 0.6521739130434783 
0.2 0.4 0.6 0.8 1.0 
0.20833333333333334 0.4166666666666667 0.625 0.8333333333333334 0.8333333333333334 
0.21739130434782608 0.43478260869565216 0.6521739130434783 0.6521739130434783 0.6521739130434783 
0.21739130434782608 0.43478260869565216 0.6521739130434783 0.6521739130434783 0.6521739130434783 
0.2 0.4 0.6 0.8 1.0 
0.21739130434782608 0.43478260869565216 0.6521739130434783 0.6521739130434783 0.6521739130434783 
0.2 0.4 0.6 0.8 1.0 
0.2 0.4 0.6 0.8 1.0 
0.21739130434782608 0.43478260869565216 0.6521739130434783 0.6521739130434783 0.6521739130434783 
0.20833333333333334 0.4166666666666667 0.625 0.8333333333333334 0.8333333333333334 
0.23809523809523808 0.23809523809523808 0.23809523809523808 0.23809523809523808 0.23809523809523808 
0.2 0.4 0.6 0.8 1.0 
0.2 0.4 0.6 0.8 1.0 
0.2 0.4 0.6 0.8 1.0 
0.2 0.4 0.6 0.8 1.0 
0.21739130434782608 0.43478260869565216 0.6521739130434783 0.6521739130434783 0.6521739130434783 
0.20833333333333334 0.4166666666666667 0.625 0.8333333333333334 0.8333333333333334 
0.20833333333333334 0.4166666666666667 0.625 0.8333333333333334 0.8333333333333334 
0.20833333333333334 0.4166666666666667 0.625 0.8333333333333334 0.8333333333333334 
0.2 0.4 0.6 0.8 1.0 
0.2 0.4 0.6 0.8 1.0 
0.2 0.4 0.6 0.8 1.0 
0.21739130434782608 0.43478260869565216 0.6521739130434783 0.6521739130434783 0.6521739130434783 
0.21739130434782608 0.21739130434782608 0.43478260869565216 0.6521739130434783 0.6521739130434783 
0.20833333333333334 0.4166666666666667 0.625 0.8333333333333334 0.8333333333333334 
0.21739130434782608 0.43478260869565216 0.6521739130434783 0.6521739130434783 0.6521739130434783 
0.20833333333333334 0.4166666666666667 0.625 0.8333333333333334 0.8333333333333334 
0.2 0.4 0.6 0.8 1.0 
0.20833333333333334 0.4166666666666667 0.625 0.8333333333333334 0.8333333333333334 
0.20833333333333334 0.4166666666666667 0.625 0.625 0.8333333333333334 
0.2 0.4 0.6 0.8 1.0 
0.20833333333333334 0.4166666666666667 0.625 0.8333333333333334 0.8333333333333334 
0.21739130434782608 0.43478260869565216 0.6521739130434783 0.6521739130434783 0.6521739130434783 
0.2 0.4 0.6 0.8 1.0 
0.21739130434782608 0.43478260869565216 0.6521739130434783 0.6521739130434783 0.6521739130434783 
0.2 0.4 0.6 0.8 1.0 
0.21739130434782608 0.43478260869565216 0.6521739130434783 0.6521739130434783 0.6521739130434783 
0.2 0.4 0.6 0.8 1.0 
0.2 0.4 0.6 0.8 1.0 
0.2 0.4 0.6 0.8 1.0 
0.2 0.4 0.6 0.8 1.0 
0.2 0.4 0.6 0.8 1.0 
0.2 0.4 0.6 0.8 1.0 
0.2 0.4 0.6 0.8 1.0 
0.2 0.4 0.6 0.8 1.0 
0.2 0.4 0.6 0.8 1.0 
0.22727272727272727 0.45454545454545453 0.45454545454545453 0.45454545454545453 0.45454545454545453 

