prescision@ average results:
0.09999999999999981 0.19999999999999962 0.29898989898989947 0.3949494949494943 0.4858585858585858 0.5636363636363643 0.620202020202021 0.6616161616161617 0.6848484848484849 0.6969696969696971 

recall@ average results:
0.1567861151194483 0.3135722302388966 0.46530784030784067 0.6077841911175238 0.7384760301426968 0.8427368927368931 0.9130872214205543 0.9615520282186945 0.9874298540965208 1.0 

F1@ average results:
0.11926975577646359 0.23853951155292719 0.3561257656458891 0.4691610151878465 0.5751616326951725 0.6636418076820546 0.7260524639523608 0.7705635361466111 0.7949685772699184 0.8073024422353623 

F0.5@ average results:
0.10661102820663339 0.21322205641326678 0.31863058341739897 0.4205421962480841 0.5167645049704929 0.5983953567430789 0.6571097170515314 0.6996820838821909 0.7233552023881363 0.7355588717346627 

prescision@ results:
0.1 0.2 0.3 0.4 0.5 0.6 0.7 0.8 0.9 1.0 
0.1 0.2 0.3 0.4 0.5 0.6 0.6 0.7 0.7 0.7 
0.1 0.2 0.3 0.4 0.5 0.6 0.7 0.7 0.7 0.7 
0.1 0.2 0.3 0.4 0.5 0.6 0.7 0.7 0.7 0.7 
0.1 0.2 0.3 0.4 0.5 0.5 0.5 0.5 0.5 0.5 
0.1 0.2 0.3 0.4 0.5 0.6 0.7 0.8 0.9 1.0 
0.1 0.2 0.3 0.4 0.5 0.6 0.7 0.8 0.8 0.8 
0.1 0.2 0.3 0.4 0.5 0.6 0.7 0.8 0.9 0.9 
0.1 0.2 0.3 0.4 0.5 0.6 0.7 0.8 0.9 0.9 
0.1 0.2 0.3 0.4 0.5 0.6 0.7 0.8 0.9 0.9 
0.1 0.2 0.3 0.4 0.4 0.4 0.4 0.4 0.4 0.4 
0.1 0.2 0.3 0.4 0.5 0.6 0.7 0.7 0.7 0.7 
0.1 0.2 0.3 0.4 0.5 0.6 0.7 0.7 0.7 0.7 
0.1 0.2 0.3 0.4 0.5 0.6 0.6 0.6 0.6 0.6 
0.1 0.2 0.3 0.4 0.5 0.6 0.7 0.7 0.7 0.7 
0.1 0.2 0.3 0.4 0.5 0.6 0.6 0.7 0.7 0.7 
0.1 0.2 0.3 0.4 0.5 0.5 0.5 0.5 0.5 0.5 
0.1 0.2 0.3 0.4 0.5 0.6 0.7 0.7 0.7 0.7 
0.1 0.2 0.3 0.4 0.5 0.6 0.7 0.8 0.9 1.0 
0.1 0.2 0.3 0.4 0.5 0.6 0.7 0.8 0.8 0.8 
0.1 0.2 0.3 0.4 0.5 0.6 0.6 0.6 0.6 0.6 
0.1 0.2 0.3 0.4 0.5 0.6 0.7 0.8 0.8 0.8 
0.1 0.2 0.3 0.4 0.5 0.6 0.6 0.6 0.7 0.7 
0.1 0.2 0.3 0.4 0.4 0.4 0.4 0.4 0.4 0.4 
0.1 0.2 0.3 0.4 0.5 0.6 0.7 0.7 0.7 0.7 
0.1 0.2 0.3 0.4 0.5 0.6 0.6 0.6 0.6 0.6 
0.1 0.2 0.3 0.4 0.5 0.5 0.5 0.5 0.5 0.5 
0.1 0.2 0.3 0.4 0.5 0.6 0.7 0.7 0.7 0.7 
0.1 0.2 0.3 0.4 0.5 0.6 0.7 0.8 0.8 0.8 
0.1 0.2 0.3 0.4 0.5 0.6 0.7 0.8 0.9 1.0 
0.1 0.2 0.3 0.4 0.5 0.6 0.7 0.8 0.9 1.0 
0.1 0.2 0.3 0.4 0.5 0.6 0.7 0.8 0.8 0.9 
0.1 0.2 0.3 0.4 0.5 0.5 0.5 0.5 0.5 0.5 
0.1 0.2 0.3 0.4 0.5 0.6 0.6 0.6 0.6 0.6 
0.1 0.2 0.3 0.4 0.4 0.4 0.4 0.4 0.4 0.4 
0.1 0.2 0.3 0.4 0.5 0.6 0.6 0.6 0.6 0.6 
0.1 0.2 0.3 0.4 0.5 0.6 0.6 0.6 0.6 0.6 
0.1 0.2 0.3 0.4 0.5 0.6 0.6 0.6 0.6 0.6 
0.1 0.2 0.3 0.4 0.5 0.5 0.5 0.5 0.5 0.5 
0.1 0.2 0.3 0.4 0.5 0.5 0.5 0.5 0.5 0.5 
0.1 0.2 0.3 0.4 0.4 0.4 0.4 0.4 0.4 0.4 
0.1 0.2 0.3 0.4 0.5 0.6 0.6 0.6 0.6 0.6 
0.1 0.2 0.3 0.4 0.5 0.5 0.5 0.5 0.5 0.5 
0.1 0.2 0.3 0.4 0.5 0.6 0.7 0.8 0.8 0.8 
0.1 0.2 0.3 0.4 0.5 0.6 0.7 0.8 0.9 0.9 
0.1 0.2 0.3 0.4 0.5 0.6 0.7 0.7 0.7 0.7 
0.1 0.2 0.3 0.4 0.5 0.6 0.7 0.8 0.9 0.9 
0.1 0.2 0.3 0.4 0.5 0.6 0.7 0.8 0.8 0.8 
0.1 0.2 0.3 0.4 0.5 0.6 0.7 0.8 0.8 0.8 
0.1 0.2 0.3 0.4 0.5 0.6 0.7 0.8 0.8 0.8 
0.1 0.2 0.3 0.4 0.5 0.6 0.6 0.6 0.7 0.7 
0.1 0.2 0.3 0.4 0.5 0.5 0.5 0.5 0.5 0.5 
0.1 0.2 0.3 0.4 0.5 0.6 0.7 0.7 0.7 0.7 
0.1 0.2 0.3 0.4 0.5 0.6 0.7 0.8 0.8 0.8 
0.1 0.2 0.3 0.4 0.5 0.5 0.5 0.5 0.5 0.5 
0.1 0.2 0.3 0.4 0.5 0.6 0.6 0.6 0.7 0.7 
0.1 0.2 0.3 0.4 0.5 0.6 0.7 0.8 0.8 0.8 
0.1 0.2 0.3 0.3 0.3 0.3 0.3 0.3 0.3 0.3 
0.1 0.2 0.3 0.4 0.5 0.6 0.6 0.6 0.6 0.6 
0.1 0.2 0.3 0.4 0.5 0.6 0.6 0.6 0.6 0.6 
0.1 0.2 0.3 0.4 0.4 0.5 0.6 0.6 0.6 0.6 
0.1 0.2 0.3 0.4 0.5 0.6 0.6 0.6 0.6 0.6 
0.1 0.2 0.3 0.4 0.5 0.6 0.6 0.6 0.6 0.6 
0.1 0.2 0.3 0.4 0.5 0.6 0.7 0.8 0.9 1.0 
0.1 0.2 0.3 0.4 0.5 0.6 0.7 0.7 0.7 0.7 
0.1 0.2 0.3 0.4 0.5 0.5 0.5 0.6 0.6 0.6 
0.1 0.2 0.3 0.4 0.5 0.6 0.7 0.8 0.8 0.8 
0.1 0.2 0.3 0.4 0.5 0.6 0.7 0.8 0.9 0.9 
0.1 0.2 0.3 0.4 0.5 0.5 0.6 0.6 0.6 0.6 
0.1 0.2 0.2 0.2 0.2 0.2 0.2 0.2 0.2 0.2 
0.1 0.2 0.3 0.4 0.5 0.6 0.7 0.7 0.7 0.7 
0.1 0.2 0.3 0.4 0.5 0.6 0.7 0.8 0.8 0.8 
0.1 0.2 0.3 0.4 0.5 0.5 0.5 0.5 0.5 0.5 
0.1 0.2 0.3 0.4 0.5 0.6 0.7 0.7 0.7 0.7 
0.1 0.2 0.3 0.3 0.4 0.4 0.4 0.4 0.4 0.4 
0.1 0.2 0.3 0.4 0.5 0.6 0.7 0.7 0.7 0.7 
0.1 0.2 0.3 0.4 0.5 0.6 0.7 0.8 0.9 0.9 
0.1 0.2 0.3 0.4 0.5 0.5 0.5 0.5 0.5 0.5 
0.1 0.2 0.3 0.4 0.5 0.6 0.6 0.6 0.6 0.6 
0.1 0.2 0.3 0.4 0.5 0.6 0.6 0.6 0.6 0.6 
0.1 0.2 0.3 0.4 0.5 0.6 0.7 0.8 0.8 0.9 
0.1 0.2 0.3 0.4 0.5 0.6 0.7 0.8 0.8 0.9 
0.1 0.2 0.3 0.4 0.5 0.6 0.7 0.8 0.9 0.9 
0.1 0.2 0.3 0.4 0.5 0.6 0.7 0.8 0.8 0.9 
0.1 0.2 0.3 0.3 0.3 0.3 0.3 0.3 0.3 0.3 
0.1 0.2 0.3 0.4 0.5 0.6 0.7 0.7 0.7 0.7 
0.1 0.2 0.3 0.4 0.5 0.6 0.6 0.6 0.6 0.6 
0.1 0.2 0.3 0.4 0.5 0.6 0.7 0.8 0.9 1.0 
0.1 0.2 0.3 0.4 0.5 0.6 0.7 0.8 0.9 0.9 
0.1 0.2 0.3 0.4 0.5 0.6 0.7 0.7 0.7 0.7 
0.1 0.2 0.3 0.4 0.5 0.6 0.7 0.7 0.7 0.7 
0.1 0.2 0.3 0.4 0.5 0.6 0.7 0.8 0.9 0.9 
0.1 0.2 0.3 0.4 0.5 0.6 0.6 0.7 0.7 0.7 
0.1 0.2 0.3 0.4 0.5 0.6 0.7 0.8 0.9 1.0 
0.1 0.2 0.3 0.4 0.5 0.6 0.7 0.8 0.9 0.9 
0.1 0.2 0.3 0.4 0.5 0.6 0.7 0.8 0.9 0.9 
0.1 0.2 0.3 0.4 0.5 0.6 0.7 0.8 0.8 0.8 
0.1 0.2 0.3 0.4 0.5 0.6 0.6 0.6 0.6 0.6 
0.1 0.2 0.3 0.4 0.4 0.4 0.4 0.4 0.4 0.4 

recall@ results:
0.1 0.2 0.3 0.4 0.5 0.6 0.7 0.8 0.9 1.0 
0.14285714285714285 0.2857142857142857 0.42857142857142855 0.5714285714285714 0.7142857142857143 0.8571428571428571 0.8571428571428571 1.0 1.0 1.0 
0.14285714285714285 0.2857142857142857 0.42857142857142855 0.5714285714285714 0.7142857142857143 0.8571428571428571 1.0 1.0 1.0 1.0 
0.14285714285714285 0.2857142857142857 0.42857142857142855 0.5714285714285714 0.7142857142857143 0.8571428571428571 1.0 1.0 1.0 1.0 
0.2 0.4 0.6 0.8 1.0 1.0 1.0 1.0 1.0 1.0 
0.1 0.2 0.3 0.4 0.5 0.6 0.7 0.8 0.9 1.0 
0.125 0.25 0.375 0.5 0.625 0.75 0.875 1.0 1.0 1.0 
0.1111111111111111 0.2222222222222222 0.3333333333333333 0.4444444444444444 0.5555555555555556 0.6666666666666666 0.7777777777777778 0.8888888888888888 1.0 1.0 
0.1111111111111111 0.2222222222222222 0.3333333333333333 0.4444444444444444 0.5555555555555556 0.6666666666666666 0.7777777777777778 0.8888888888888888 1.0 1.0 
0.1111111111111111 0.2222222222222222 0.3333333333333333 0.4444444444444444 0.5555555555555556 0.6666666666666666 0.7777777777777778 0.8888888888888888 1.0 1.0 
0.25 0.5 0.75 1.0 1.0 1.0 1.0 1.0 1.0 1.0 
0.14285714285714285 0.2857142857142857 0.42857142857142855 0.5714285714285714 0.7142857142857143 0.8571428571428571 1.0 1.0 1.0 1.0 
0.14285714285714285 0.2857142857142857 0.42857142857142855 0.5714285714285714 0.7142857142857143 0.8571428571428571 1.0 1.0 1.0 1.0 
0.16666666666666666 0.3333333333333333 0.5 0.6666666666666666 0.8333333333333334 1.0 1.0 1.0 1.0 1.0 
0.14285714285714285 0.2857142857142857 0.42857142857142855 0.5714285714285714 0.7142857142857143 0.8571428571428571 1.0 1.0 1.0 1.0 
0.14285714285714285 0.2857142857142857 0.42857142857142855 0.5714285714285714 0.7142857142857143 0.8571428571428571 0.8571428571428571 1.0 1.0 1.0 
0.2 0.4 0.6 0.8 1.0 1.0 1.0 1.0 1.0 1.0 
0.14285714285714285 0.2857142857142857 0.42857142857142855 0.5714285714285714 0.7142857142857143 0.8571428571428571 1.0 1.0 1.0 1.0 
0.1 0.2 0.3 0.4 0.5 0.6 0.7 0.8 0.9 1.0 
0.125 0.25 0.375 0.5 0.625 0.75 0.875 1.0 1.0 1.0 
0.16666666666666666 0.3333333333333333 0.5 0.6666666666666666 0.8333333333333334 1.0 1.0 1.0 1.0 1.0 
0.125 0.25 0.375 0.5 0.625 0.75 0.875 1.0 1.0 1.0 
0.14285714285714285 0.2857142857142857 0.42857142857142855 0.5714285714285714 0.7142857142857143 0.8571428571428571 0.8571428571428571 0.8571428571428571 1.0 1.0 
0.25 0.5 0.75 1.0 1.0 1.0 1.0 1.0 1.0 1.0 
0.14285714285714285 0.2857142857142857 0.42857142857142855 0.5714285714285714 0.7142857142857143 0.8571428571428571 1.0 1.0 1.0 1.0 
0.16666666666666666 0.3333333333333333 0.5 0.6666666666666666 0.8333333333333334 1.0 1.0 1.0 1.0 1.0 
0.2 0.4 0.6 0.8 1.0 1.0 1.0 1.0 1.0 1.0 
0.14285714285714285 0.2857142857142857 0.42857142857142855 0.5714285714285714 0.7142857142857143 0.8571428571428571 1.0 1.0 1.0 1.0 
0.125 0.25 0.375 0.5 0.625 0.75 0.875 1.0 1.0 1.0 
0.1 0.2 0.3 0.4 0.5 0.6 0.7 0.8 0.9 1.0 
0.1 0.2 0.3 0.4 0.5 0.6 0.7 0.8 0.9 1.0 
0.1111111111111111 0.2222222222222222 0.3333333333333333 0.4444444444444444 0.5555555555555556 0.6666666666666666 0.7777777777777778 0.8888888888888888 0.8888888888888888 1.0 
0.2 0.4 0.6 0.8 1.0 1.0 1.0 1.0 1.0 1.0 
0.16666666666666666 0.3333333333333333 0.5 0.6666666666666666 0.8333333333333334 1.0 1.0 1.0 1.0 1.0 
0.25 0.5 0.75 1.0 1.0 1.0 1.0 1.0 1.0 1.0 
0.16666666666666666 0.3333333333333333 0.5 0.6666666666666666 0.8333333333333334 1.0 1.0 1.0 1.0 1.0 
0.16666666666666666 0.3333333333333333 0.5 0.6666666666666666 0.8333333333333334 1.0 1.0 1.0 1.0 1.0 
0.16666666666666666 0.3333333333333333 0.5 0.6666666666666666 0.8333333333333334 1.0 1.0 1.0 1.0 1.0 
0.2 0.4 0.6 0.8 1.0 1.0 1.0 1.0 1.0 1.0 
0.2 0.4 0.6 0.8 1.0 1.0 1.0 1.0 1.0 1.0 
0.25 0.5 0.75 1.0 1.0 1.0 1.0 1.0 1.0 1.0 
0.16666666666666666 0.3333333333333333 0.5 0.6666666666666666 0.8333333333333334 1.0 1.0 1.0 1.0 1.0 
0.2 0.4 0.6 0.8 1.0 1.0 1.0 1.0 1.0 1.0 
0.125 0.25 0.375 0.5 0.625 0.75 0.875 1.0 1.0 1.0 
0.1111111111111111 0.2222222222222222 0.3333333333333333 0.4444444444444444 0.5555555555555556 0.6666666666666666 0.7777777777777778 0.8888888888888888 1.0 1.0 
0.14285714285714285 0.2857142857142857 0.42857142857142855 0.5714285714285714 0.7142857142857143 0.8571428571428571 1.0 1.0 1.0 1.0 
0.1111111111111111 0.2222222222222222 0.3333333333333333 0.4444444444444444 0.5555555555555556 0.6666666666666666 0.7777777777777778 0.8888888888888888 1.0 1.0 
0.125 0.25 0.375 0.5 0.625 0.75 0.875 1.0 1.0 1.0 
0.125 0.25 0.375 0.5 0.625 0.75 0.875 1.0 1.0 1.0 
0.125 0.25 0.375 0.5 0.625 0.75 0.875 1.0 1.0 1.0 
0.14285714285714285 0.2857142857142857 0.42857142857142855 0.5714285714285714 0.7142857142857143 0.8571428571428571 0.8571428571428571 0.8571428571428571 1.0 1.0 
0.2 0.4 0.6 0.8 1.0 1.0 1.0 1.0 1.0 1.0 
0.14285714285714285 0.2857142857142857 0.42857142857142855 0.5714285714285714 0.7142857142857143 0.8571428571428571 1.0 1.0 1.0 1.0 
0.125 0.25 0.375 0.5 0.625 0.75 0.875 1.0 1.0 1.0 
0.2 0.4 0.6 0.8 1.0 1.0 1.0 1.0 1.0 1.0 
0.14285714285714285 0.2857142857142857 0.42857142857142855 0.5714285714285714 0.7142857142857143 0.8571428571428571 0.8571428571428571 0.8571428571428571 1.0 1.0 
0.125 0.25 0.375 0.5 0.625 0.75 0.875 1.0 1.0 1.0 
0.3333333333333333 0.6666666666666666 1.0 1.0 1.0 1.0 1.0 1.0 1.0 1.0 
0.16666666666666666 0.3333333333333333 0.5 0.6666666666666666 0.8333333333333334 1.0 1.0 1.0 1.0 1.0 
0.16666666666666666 0.3333333333333333 0.5 0.6666666666666666 0.8333333333333334 1.0 1.0 1.0 1.0 1.0 
0.16666666666666666 0.3333333333333333 0.5 0.6666666666666666 0.6666666666666666 0.8333333333333334 1.0 1.0 1.0 1.0 
0.16666666666666666 0.3333333333333333 0.5 0.6666666666666666 0.8333333333333334 1.0 1.0 1.0 1.0 1.0 
0.16666666666666666 0.3333333333333333 0.5 0.6666666666666666 0.8333333333333334 1.0 1.0 1.0 1.0 1.0 
0.1 0.2 0.3 0.4 0.5 0.6 0.7 0.8 0.9 1.0 
0.14285714285714285 0.2857142857142857 0.42857142857142855 0.5714285714285714 0.7142857142857143 0.8571428571428571 1.0 1.0 1.0 1.0 
0.16666666666666666 0.3333333333333333 0.5 0.6666666666666666 0.8333333333333334 0.8333333333333334 0.8333333333333334 1.0 1.0 1.0 
0.125 0.25 0.375 0.5 0.625 0.75 0.875 1.0 1.0 1.0 
0.1111111111111111 0.2222222222222222 0.3333333333333333 0.4444444444444444 0.5555555555555556 0.6666666666666666 0.7777777777777778 0.8888888888888888 1.0 1.0 
0.16666666666666666 0.3333333333333333 0.5 0.6666666666666666 0.8333333333333334 0.8333333333333334 1.0 1.0 1.0 1.0 
0.5 1.0 1.0 1.0 1.0 1.0 1.0 1.0 1.0 1.0 
0.14285714285714285 0.2857142857142857 0.42857142857142855 0.5714285714285714 0.7142857142857143 0.8571428571428571 1.0 1.0 1.0 1.0 
0.125 0.25 0.375 0.5 0.625 0.75 0.875 1.0 1.0 1.0 
0.2 0.4 0.6 0.8 1.0 1.0 1.0 1.0 1.0 1.0 
0.14285714285714285 0.2857142857142857 0.42857142857142855 0.5714285714285714 0.7142857142857143 0.8571428571428571 1.0 1.0 1.0 1.0 
0.25 0.5 0.75 0.75 1.0 1.0 1.0 1.0 1.0 1.0 
0.14285714285714285 0.2857142857142857 0.42857142857142855 0.5714285714285714 0.7142857142857143 0.8571428571428571 1.0 1.0 1.0 1.0 
0.1111111111111111 0.2222222222222222 0.3333333333333333 0.4444444444444444 0.5555555555555556 0.6666666666666666 0.7777777777777778 0.8888888888888888 1.0 1.0 
0.2 0.4 0.6 0.8 1.0 1.0 1.0 1.0 1.0 1.0 
0.16666666666666666 0.3333333333333333 0.5 0.6666666666666666 0.8333333333333334 1.0 1.0 1.0 1.0 1.0 
0.16666666666666666 0.3333333333333333 0.5 0.6666666666666666 0.8333333333333334 1.0 1.0 1.0 1.0 1.0 
0.1111111111111111 0.2222222222222222 0.3333333333333333 0.4444444444444444 0.5555555555555556 0.6666666666666666 0.7777777777777778 0.8888888888888888 0.8888888888888888 1.0 
0.1111111111111111 0.2222222222222222 0.3333333333333333 0.4444444444444444 0.5555555555555556 0.6666666666666666 0.7777777777777778 0.8888888888888888 0.8888888888888888 1.0 
0.1111111111111111 0.2222222222222222 0.3333333333333333 0.4444444444444444 0.5555555555555556 0.6666666666666666 0.7777777777777778 0.8888888888888888 1.0 1.0 
0.1111111111111111 0.2222222222222222 0.3333333333333333 0.4444444444444444 0.5555555555555556 0.6666666666666666 0.7777777777777778 0.8888888888888888 0.8888888888888888 1.0 
0.3333333333333333 0.6666666666666666 1.0 1.0 1.0 1.0 1.0 1.0 1.0 1.0 
0.14285714285714285 0.2857142857142857 0.42857142857142855 0.5714285714285714 0.7142857142857143 0.8571428571428571 1.0 1.0 1.0 1.0 
0.16666666666666666 0.3333333333333333 0.5 0.6666666666666666 0.8333333333333334 1.0 1.0 1.0 1.0 1.0 
0.1 0.2 0.3 0.4 0.5 0.6 0.7 0.8 0.9 1.0 
0.1111111111111111 0.2222222222222222 0.3333333333333333 0.4444444444444444 0.5555555555555556 0.6666666666666666 0.7777777777777778 0.8888888888888888 1.0 1.0 
0.14285714285714285 0.2857142857142857 0.42857142857142855 0.5714285714285714 0.7142857142857143 0.8571428571428571 1.0 1.0 1.0 1.0 
0.14285714285714285 0.2857142857142857 0.42857142857142855 0.5714285714285714 0.7142857142857143 0.8571428571428571 1.0 1.0 1.0 1.0 
0.1111111111111111 0.2222222222222222 0.3333333333333333 0.4444444444444444 0.5555555555555556 0.6666666666666666 0.7777777777777778 0.8888888888888888 1.0 1.0 
0.14285714285714285 0.2857142857142857 0.42857142857142855 0.5714285714285714 0.7142857142857143 0.8571428571428571 0.8571428571428571 1.0 1.0 1.0 
0.1 0.2 0.3 0.4 0.5 0.6 0.7 0.8 0.9 1.0 
0.1111111111111111 0.2222222222222222 0.3333333333333333 0.4444444444444444 0.5555555555555556 0.6666666666666666 0.7777777777777778 0.8888888888888888 1.0 1.0 
0.1111111111111111 0.2222222222222222 0.3333333333333333 0.4444444444444444 0.5555555555555556 0.6666666666666666 0.7777777777777778 0.8888888888888888 1.0 1.0 
0.125 0.25 0.375 0.5 0.625 0.75 0.875 1.0 1.0 1.0 
0.16666666666666666 0.3333333333333333 0.5 0.6666666666666666 0.8333333333333334 1.0 1.0 1.0 1.0 1.0 
0.25 0.5 0.75 1.0 1.0 1.0 1.0 1.0 1.0 1.0 

f1@ results:
0.10000000000000002 0.20000000000000004 0.3 0.4000000000000001 0.5 0.6 0.7 0.8000000000000002 0.9 1.0 
0.11764705882352941 0.23529411764705882 0.3529411764705882 0.47058823529411764 0.588235294117647 0.7058823529411764 0.7058823529411764 0.8235294117647058 0.8235294117647058 0.8235294117647058 
0.11764705882352941 0.23529411764705882 0.3529411764705882 0.47058823529411764 0.588235294117647 0.7058823529411764 0.8235294117647058 0.8235294117647058 0.8235294117647058 0.8235294117647058 
0.11764705882352941 0.23529411764705882 0.3529411764705882 0.47058823529411764 0.588235294117647 0.7058823529411764 0.8235294117647058 0.8235294117647058 0.8235294117647058 0.8235294117647058 
0.13333333333333333 0.26666666666666666 0.4 0.5333333333333333 0.6666666666666666 0.6666666666666666 0.6666666666666666 0.6666666666666666 0.6666666666666666 0.6666666666666666 
0.10000000000000002 0.20000000000000004 0.3 0.4000000000000001 0.5 0.6 0.7 0.8000000000000002 0.9 1.0 
0.11111111111111112 0.22222222222222224 0.33333333333333326 0.4444444444444445 0.5555555555555556 0.6666666666666665 0.7777777777777777 0.888888888888889 0.888888888888889 0.888888888888889 
0.10526315789473685 0.2105263157894737 0.3157894736842105 0.4210526315789474 0.5263157894736842 0.631578947368421 0.7368421052631577 0.8421052631578948 0.9473684210526316 0.9473684210526316 
0.10526315789473685 0.2105263157894737 0.3157894736842105 0.4210526315789474 0.5263157894736842 0.631578947368421 0.7368421052631577 0.8421052631578948 0.9473684210526316 0.9473684210526316 
0.10526315789473685 0.2105263157894737 0.3157894736842105 0.4210526315789474 0.5263157894736842 0.631578947368421 0.7368421052631577 0.8421052631578948 0.9473684210526316 0.9473684210526316 
0.14285714285714288 0.28571428571428575 0.4285714285714285 0.5714285714285715 0.5714285714285715 0.5714285714285715 0.5714285714285715 0.5714285714285715 0.5714285714285715 0.5714285714285715 
0.11764705882352941 0.23529411764705882 0.3529411764705882 0.47058823529411764 0.588235294117647 0.7058823529411764 0.8235294117647058 0.8235294117647058 0.8235294117647058 0.8235294117647058 
0.11764705882352941 0.23529411764705882 0.3529411764705882 0.47058823529411764 0.588235294117647 0.7058823529411764 0.8235294117647058 0.8235294117647058 0.8235294117647058 0.8235294117647058 
0.125 0.25 0.37499999999999994 0.5 0.625 0.7499999999999999 0.7499999999999999 0.7499999999999999 0.7499999999999999 0.7499999999999999 
0.11764705882352941 0.23529411764705882 0.3529411764705882 0.47058823529411764 0.588235294117647 0.7058823529411764 0.8235294117647058 0.8235294117647058 0.8235294117647058 0.8235294117647058 
0.11764705882352941 0.23529411764705882 0.3529411764705882 0.47058823529411764 0.588235294117647 0.7058823529411764 0.7058823529411764 0.8235294117647058 0.8235294117647058 0.8235294117647058 
0.13333333333333333 0.26666666666666666 0.4 0.5333333333333333 0.6666666666666666 0.6666666666666666 0.6666666666666666 0.6666666666666666 0.6666666666666666 0.6666666666666666 
0.11764705882352941 0.23529411764705882 0.3529411764705882 0.47058823529411764 0.588235294117647 0.7058823529411764 0.8235294117647058 0.8235294117647058 0.8235294117647058 0.8235294117647058 
0.10000000000000002 0.20000000000000004 0.3 0.4000000000000001 0.5 0.6 0.7 0.8000000000000002 0.9 1.0 
0.11111111111111112 0.22222222222222224 0.33333333333333326 0.4444444444444445 0.5555555555555556 0.6666666666666665 0.7777777777777777 0.888888888888889 0.888888888888889 0.888888888888889 
0.125 0.25 0.37499999999999994 0.5 0.625 0.7499999999999999 0.7499999999999999 0.7499999999999999 0.7499999999999999 0.7499999999999999 
0.11111111111111112 0.22222222222222224 0.33333333333333326 0.4444444444444445 0.5555555555555556 0.6666666666666665 0.7777777777777777 0.888888888888889 0.888888888888889 0.888888888888889 
0.11764705882352941 0.23529411764705882 0.3529411764705882 0.47058823529411764 0.588235294117647 0.7058823529411764 0.7058823529411764 0.7058823529411764 0.8235294117647058 0.8235294117647058 
0.14285714285714288 0.28571428571428575 0.4285714285714285 0.5714285714285715 0.5714285714285715 0.5714285714285715 0.5714285714285715 0.5714285714285715 0.5714285714285715 0.5714285714285715 
0.11764705882352941 0.23529411764705882 0.3529411764705882 0.47058823529411764 0.588235294117647 0.7058823529411764 0.8235294117647058 0.8235294117647058 0.8235294117647058 0.8235294117647058 
0.125 0.25 0.37499999999999994 0.5 0.625 0.7499999999999999 0.7499999999999999 0.7499999999999999 0.7499999999999999 0.7499999999999999 
0.13333333333333333 0.26666666666666666 0.4 0.5333333333333333 0.6666666666666666 0.6666666666666666 0.6666666666666666 0.6666666666666666 0.6666666666666666 0.6666666666666666 
0.11764705882352941 0.23529411764705882 0.3529411764705882 0.47058823529411764 0.588235294117647 0.7058823529411764 0.8235294117647058 0.8235294117647058 0.8235294117647058 0.8235294117647058 
0.11111111111111112 0.22222222222222224 0.33333333333333326 0.4444444444444445 0.5555555555555556 0.6666666666666665 0.7777777777777777 0.888888888888889 0.888888888888889 0.888888888888889 
0.10000000000000002 0.20000000000000004 0.3 0.4000000000000001 0.5 0.6 0.7 0.8000000000000002 0.9 1.0 
0.10000000000000002 0.20000000000000004 0.3 0.4000000000000001 0.5 0.6 0.7 0.8000000000000002 0.9 1.0 
0.10526315789473685 0.2105263157894737 0.3157894736842105 0.4210526315789474 0.5263157894736842 0.631578947368421 0.7368421052631577 0.8421052631578948 0.8421052631578948 0.9473684210526316 
0.13333333333333333 0.26666666666666666 0.4 0.5333333333333333 0.6666666666666666 0.6666666666666666 0.6666666666666666 0.6666666666666666 0.6666666666666666 0.6666666666666666 
0.125 0.25 0.37499999999999994 0.5 0.625 0.7499999999999999 0.7499999999999999 0.7499999999999999 0.7499999999999999 0.7499999999999999 
0.14285714285714288 0.28571428571428575 0.4285714285714285 0.5714285714285715 0.5714285714285715 0.5714285714285715 0.5714285714285715 0.5714285714285715 0.5714285714285715 0.5714285714285715 
0.125 0.25 0.37499999999999994 0.5 0.625 0.7499999999999999 0.7499999999999999 0.7499999999999999 0.7499999999999999 0.7499999999999999 
0.125 0.25 0.37499999999999994 0.5 0.625 0.7499999999999999 0.7499999999999999 0.7499999999999999 0.7499999999999999 0.7499999999999999 
0.125 0.25 0.37499999999999994 0.5 0.625 0.7499999999999999 0.7499999999999999 0.7499999999999999 0.7499999999999999 0.7499999999999999 
0.13333333333333333 0.26666666666666666 0.4 0.5333333333333333 0.6666666666666666 0.6666666666666666 0.6666666666666666 0.6666666666666666 0.6666666666666666 0.6666666666666666 
0.13333333333333333 0.26666666666666666 0.4 0.5333333333333333 0.6666666666666666 0.6666666666666666 0.6666666666666666 0.6666666666666666 0.6666666666666666 0.6666666666666666 
0.14285714285714288 0.28571428571428575 0.4285714285714285 0.5714285714285715 0.5714285714285715 0.5714285714285715 0.5714285714285715 0.5714285714285715 0.5714285714285715 0.5714285714285715 
0.125 0.25 0.37499999999999994 0.5 0.625 0.7499999999999999 0.7499999999999999 0.7499999999999999 0.7499999999999999 0.7499999999999999 
0.13333333333333333 0.26666666666666666 0.4 0.5333333333333333 0.6666666666666666 0.6666666666666666 0.6666666666666666 0.6666666666666666 0.6666666666666666 0.6666666666666666 
0.11111111111111112 0.22222222222222224 0.33333333333333326 0.4444444444444445 0.5555555555555556 0.6666666666666665 0.7777777777777777 0.888888888888889 0.888888888888889 0.888888888888889 
0.10526315789473685 0.2105263157894737 0.3157894736842105 0.4210526315789474 0.5263157894736842 0.631578947368421 0.7368421052631577 0.8421052631578948 0.9473684210526316 0.9473684210526316 
0.11764705882352941 0.23529411764705882 0.3529411764705882 0.47058823529411764 0.588235294117647 0.7058823529411764 0.8235294117647058 0.8235294117647058 0.8235294117647058 0.8235294117647058 
0.10526315789473685 0.2105263157894737 0.3157894736842105 0.4210526315789474 0.5263157894736842 0.631578947368421 0.7368421052631577 0.8421052631578948 0.9473684210526316 0.9473684210526316 
0.11111111111111112 0.22222222222222224 0.33333333333333326 0.4444444444444445 0.5555555555555556 0.6666666666666665 0.7777777777777777 0.888888888888889 0.888888888888889 0.888888888888889 
0.11111111111111112 0.22222222222222224 0.33333333333333326 0.4444444444444445 0.5555555555555556 0.6666666666666665 0.7777777777777777 0.888888888888889 0.888888888888889 0.888888888888889 
0.11111111111111112 0.22222222222222224 0.33333333333333326 0.4444444444444445 0.5555555555555556 0.6666666666666665 0.7777777777777777 0.888888888888889 0.888888888888889 0.888888888888889 
0.11764705882352941 0.23529411764705882 0.3529411764705882 0.47058823529411764 0.588235294117647 0.7058823529411764 0.7058823529411764 0.7058823529411764 0.8235294117647058 0.8235294117647058 
0.13333333333333333 0.26666666666666666 0.4 0.5333333333333333 0.6666666666666666 0.6666666666666666 0.6666666666666666 0.6666666666666666 0.6666666666666666 0.6666666666666666 
0.11764705882352941 0.23529411764705882 0.3529411764705882 0.47058823529411764 0.588235294117647 0.7058823529411764 0.8235294117647058 0.8235294117647058 0.8235294117647058 0.8235294117647058 
0.11111111111111112 0.22222222222222224 0.33333333333333326 0.4444444444444445 0.5555555555555556 0.6666666666666665 0.7777777777777777 0.888888888888889 0.888888888888889 0.888888888888889 
0.13333333333333333 0.26666666666666666 0.4 0.5333333333333333 0.6666666666666666 0.6666666666666666 0.6666666666666666 0.6666666666666666 0.6666666666666666 0.6666666666666666 
0.11764705882352941 0.23529411764705882 0.3529411764705882 0.47058823529411764 0.588235294117647 0.7058823529411764 0.7058823529411764 0.7058823529411764 0.8235294117647058 0.8235294117647058 
0.11111111111111112 0.22222222222222224 0.33333333333333326 0.4444444444444445 0.5555555555555556 0.6666666666666665 0.7777777777777777 0.888888888888889 0.888888888888889 0.888888888888889 
0.15384615384615383 0.30769230769230765 0.4615384615384615 0.4615384615384615 0.4615384615384615 0.4615384615384615 0.4615384615384615 0.4615384615384615 0.4615384615384615 0.4615384615384615 
0.125 0.25 0.37499999999999994 0.5 0.625 0.7499999999999999 0.7499999999999999 0.7499999999999999 0.7499999999999999 0.7499999999999999 
0.125 0.25 0.37499999999999994 0.5 0.625 0.7499999999999999 0.7499999999999999 0.7499999999999999 0.7499999999999999 0.7499999999999999 
0.125 0.25 0.37499999999999994 0.5 0.5 0.625 0.7499999999999999 0.7499999999999999 0.7499999999999999 0.7499999999999999 
0.125 0.25 0.37499999999999994 0.5 0.625 0.7499999999999999 0.7499999999999999 0.7499999999999999 0.7499999999999999 0.7499999999999999 
0.125 0.25 0.37499999999999994 0.5 0.625 0.7499999999999999 0.7499999999999999 0.7499999999999999 0.7499999999999999 0.7499999999999999 
0.10000000000000002 0.20000000000000004 0.3 0.4000000000000001 0.5 0.6 0.7 0.8000000000000002 0.9 1.0 
0.11764705882352941 0.23529411764705882 0.3529411764705882 0.47058823529411764 0.588235294117647 0.7058823529411764 0.8235294117647058 0.8235294117647058 0.8235294117647058 0.8235294117647058 
0.125 0.25 0.37499999999999994 0.5 0.625 0.625 0.625 0.7499999999999999 0.7499999999999999 0.7499999999999999 
0.11111111111111112 0.22222222222222224 0.33333333333333326 0.4444444444444445 0.5555555555555556 0.6666666666666665 0.7777777777777777 0.888888888888889 0.888888888888889 0.888888888888889 
0.10526315789473685 0.2105263157894737 0.3157894736842105 0.4210526315789474 0.5263157894736842 0.631578947368421 0.7368421052631577 0.8421052631578948 0.9473684210526316 0.9473684210526316 
0.125 0.25 0.37499999999999994 0.5 0.625 0.625 0.7499999999999999 0.7499999999999999 0.7499999999999999 0.7499999999999999 
0.16666666666666669 0.33333333333333337 0.33333333333333337 0.33333333333333337 0.33333333333333337 0.33333333333333337 0.33333333333333337 0.33333333333333337 0.33333333333333337 0.33333333333333337 
0.11764705882352941 0.23529411764705882 0.3529411764705882 0.47058823529411764 0.588235294117647 0.7058823529411764 0.8235294117647058 0.8235294117647058 0.8235294117647058 0.8235294117647058 
0.11111111111111112 0.22222222222222224 0.33333333333333326 0.4444444444444445 0.5555555555555556 0.6666666666666665 0.7777777777777777 0.888888888888889 0.888888888888889 0.888888888888889 
0.13333333333333333 0.26666666666666666 0.4 0.5333333333333333 0.6666666666666666 0.6666666666666666 0.6666666666666666 0.6666666666666666 0.6666666666666666 0.6666666666666666 
0.11764705882352941 0.23529411764705882 0.3529411764705882 0.47058823529411764 0.588235294117647 0.7058823529411764 0.8235294117647058 0.8235294117647058 0.8235294117647058 0.8235294117647058 
0.14285714285714288 0.28571428571428575 0.4285714285714285 0.4285714285714285 0.5714285714285715 0.5714285714285715 0.5714285714285715 0.5714285714285715 0.5714285714285715 0.5714285714285715 
0.11764705882352941 0.23529411764705882 0.3529411764705882 0.47058823529411764 0.588235294117647 0.7058823529411764 0.8235294117647058 0.8235294117647058 0.8235294117647058 0.8235294117647058 
0.10526315789473685 0.2105263157894737 0.3157894736842105 0.4210526315789474 0.5263157894736842 0.631578947368421 0.7368421052631577 0.8421052631578948 0.9473684210526316 0.9473684210526316 
0.13333333333333333 0.26666666666666666 0.4 0.5333333333333333 0.6666666666666666 0.6666666666666666 0.6666666666666666 0.6666666666666666 0.6666666666666666 0.6666666666666666 
0.125 0.25 0.37499999999999994 0.5 0.625 0.7499999999999999 0.7499999999999999 0.7499999999999999 0.7499999999999999 0.7499999999999999 
0.125 0.25 0.37499999999999994 0.5 0.625 0.7499999999999999 0.7499999999999999 0.7499999999999999 0.7499999999999999 0.7499999999999999 
0.10526315789473685 0.2105263157894737 0.3157894736842105 0.4210526315789474 0.5263157894736842 0.631578947368421 0.7368421052631577 0.8421052631578948 0.8421052631578948 0.9473684210526316 
0.10526315789473685 0.2105263157894737 0.3157894736842105 0.4210526315789474 0.5263157894736842 0.631578947368421 0.7368421052631577 0.8421052631578948 0.8421052631578948 0.9473684210526316 
0.10526315789473685 0.2105263157894737 0.3157894736842105 0.4210526315789474 0.5263157894736842 0.631578947368421 0.7368421052631577 0.8421052631578948 0.9473684210526316 0.9473684210526316 
0.10526315789473685 0.2105263157894737 0.3157894736842105 0.4210526315789474 0.5263157894736842 0.631578947368421 0.7368421052631577 0.8421052631578948 0.8421052631578948 0.9473684210526316 
0.15384615384615383 0.30769230769230765 0.4615384615384615 0.4615384615384615 0.4615384615384615 0.4615384615384615 0.4615384615384615 0.4615384615384615 0.4615384615384615 0.4615384615384615 
0.11764705882352941 0.23529411764705882 0.3529411764705882 0.47058823529411764 0.588235294117647 0.7058823529411764 0.8235294117647058 0.8235294117647058 0.8235294117647058 0.8235294117647058 
0.125 0.25 0.37499999999999994 0.5 0.625 0.7499999999999999 0.7499999999999999 0.7499999999999999 0.7499999999999999 0.7499999999999999 
0.10000000000000002 0.20000000000000004 0.3 0.4000000000000001 0.5 0.6 0.7 0.8000000000000002 0.9 1.0 
0.10526315789473685 0.2105263157894737 0.3157894736842105 0.4210526315789474 0.5263157894736842 0.631578947368421 0.7368421052631577 0.8421052631578948 0.9473684210526316 0.9473684210526316 
0.11764705882352941 0.23529411764705882 0.3529411764705882 0.47058823529411764 0.588235294117647 0.7058823529411764 0.8235294117647058 0.8235294117647058 0.8235294117647058 0.8235294117647058 
0.11764705882352941 0.23529411764705882 0.3529411764705882 0.47058823529411764 0.588235294117647 0.7058823529411764 0.8235294117647058 0.8235294117647058 0.8235294117647058 0.8235294117647058 
0.10526315789473685 0.2105263157894737 0.3157894736842105 0.4210526315789474 0.5263157894736842 0.631578947368421 0.7368421052631577 0.8421052631578948 0.9473684210526316 0.9473684210526316 
0.11764705882352941 0.23529411764705882 0.3529411764705882 0.47058823529411764 0.588235294117647 0.7058823529411764 0.7058823529411764 0.8235294117647058 0.8235294117647058 0.8235294117647058 
0.10000000000000002 0.20000000000000004 0.3 0.4000000000000001 0.5 0.6 0.7 0.8000000000000002 0.9 1.0 
0.10526315789473685 0.2105263157894737 0.3157894736842105 0.4210526315789474 0.5263157894736842 0.631578947368421 0.7368421052631577 0.8421052631578948 0.9473684210526316 0.9473684210526316 
0.10526315789473685 0.2105263157894737 0.3157894736842105 0.4210526315789474 0.5263157894736842 0.631578947368421 0.7368421052631577 0.8421052631578948 0.9473684210526316 0.9473684210526316 
0.11111111111111112 0.22222222222222224 0.33333333333333326 0.4444444444444445 0.5555555555555556 0.6666666666666665 0.7777777777777777 0.888888888888889 0.888888888888889 0.888888888888889 
0.125 0.25 0.37499999999999994 0.5 0.625 0.7499999999999999 0.7499999999999999 0.7499999999999999 0.7499999999999999 0.7499999999999999 
0.14285714285714288 0.28571428571428575 0.4285714285714285 0.5714285714285715 0.5714285714285715 0.5714285714285715 0.5714285714285715 0.5714285714285715 0.5714285714285715 0.5714285714285715 

f0.5@ results:
0.1 0.2 0.3 0.4 0.5 0.6 0.7 0.8 0.8999999999999999 1.0 
0.10638297872340426 0.2127659574468085 0.3191489361702127 0.425531914893617 0.5319148936170213 0.6382978723404255 0.6382978723404255 0.7446808510638298 0.7446808510638298 0.7446808510638298 
0.10638297872340426 0.2127659574468085 0.3191489361702127 0.425531914893617 0.5319148936170213 0.6382978723404255 0.7446808510638298 0.7446808510638298 0.7446808510638298 0.7446808510638298 
0.10638297872340426 0.2127659574468085 0.3191489361702127 0.425531914893617 0.5319148936170213 0.6382978723404255 0.7446808510638298 0.7446808510638298 0.7446808510638298 0.7446808510638298 
0.11111111111111112 0.22222222222222224 0.3333333333333333 0.4444444444444445 0.5555555555555556 0.5555555555555556 0.5555555555555556 0.5555555555555556 0.5555555555555556 0.5555555555555556 
0.1 0.2 0.3 0.4 0.5 0.6 0.7 0.8 0.8999999999999999 1.0 
0.10416666666666667 0.20833333333333334 0.3125 0.4166666666666667 0.5208333333333334 0.625 0.7291666666666666 0.8333333333333334 0.8333333333333334 0.8333333333333334 
0.10204081632653061 0.20408163265306123 0.30612244897959184 0.40816326530612246 0.5102040816326531 0.6122448979591837 0.7142857142857143 0.8163265306122449 0.9183673469387754 0.9183673469387754 
0.10204081632653061 0.20408163265306123 0.30612244897959184 0.40816326530612246 0.5102040816326531 0.6122448979591837 0.7142857142857143 0.8163265306122449 0.9183673469387754 0.9183673469387754 
0.10204081632653061 0.20408163265306123 0.30612244897959184 0.40816326530612246 0.5102040816326531 0.6122448979591837 0.7142857142857143 0.8163265306122449 0.9183673469387754 0.9183673469387754 
0.11363636363636363 0.22727272727272727 0.34090909090909094 0.45454545454545453 0.45454545454545453 0.45454545454545453 0.45454545454545453 0.45454545454545453 0.45454545454545453 0.45454545454545453 
0.10638297872340426 0.2127659574468085 0.3191489361702127 0.425531914893617 0.5319148936170213 0.6382978723404255 0.7446808510638298 0.7446808510638298 0.7446808510638298 0.7446808510638298 
0.10638297872340426 0.2127659574468085 0.3191489361702127 0.425531914893617 0.5319148936170213 0.6382978723404255 0.7446808510638298 0.7446808510638298 0.7446808510638298 0.7446808510638298 
0.10869565217391304 0.21739130434782608 0.32608695652173914 0.43478260869565216 0.5434782608695652 0.6521739130434783 0.6521739130434783 0.6521739130434783 0.6521739130434783 0.6521739130434783 
0.10638297872340426 0.2127659574468085 0.3191489361702127 0.425531914893617 0.5319148936170213 0.6382978723404255 0.7446808510638298 0.7446808510638298 0.7446808510638298 0.7446808510638298 
0.10638297872340426 0.2127659574468085 0.3191489361702127 0.425531914893617 0.5319148936170213 0.6382978723404255 0.6382978723404255 0.7446808510638298 0.7446808510638298 0.7446808510638298 
0.11111111111111112 0.22222222222222224 0.3333333333333333 0.4444444444444445 0.5555555555555556 0.5555555555555556 0.5555555555555556 0.5555555555555556 0.5555555555555556 0.5555555555555556 
0.10638297872340426 0.2127659574468085 0.3191489361702127 0.425531914893617 0.5319148936170213 0.6382978723404255 0.7446808510638298 0.7446808510638298 0.7446808510638298 0.7446808510638298 
0.1 0.2 0.3 0.4 0.5 0.6 0.7 0.8 0.8999999999999999 1.0 
0.10416666666666667 0.20833333333333334 0.3125 0.4166666666666667 0.5208333333333334 0.625 0.7291666666666666 0.8333333333333334 0.8333333333333334 0.8333333333333334 
0.10869565217391304 0.21739130434782608 0.32608695652173914 0.43478260869565216 0.5434782608695652 0.6521739130434783 0.6521739130434783 0.6521739130434783 0.6521739130434783 0.6521739130434783 
0.10416666666666667 0.20833333333333334 0.3125 0.4166666666666667 0.5208333333333334 0.625 0.7291666666666666 0.8333333333333334 0.8333333333333334 0.8333333333333334 
0.10638297872340426 0.2127659574468085 0.3191489361702127 0.425531914893617 0.5319148936170213 0.6382978723404255 0.6382978723404255 0.6382978723404255 0.7446808510638298 0.7446808510638298 
0.11363636363636363 0.22727272727272727 0.34090909090909094 0.45454545454545453 0.45454545454545453 0.45454545454545453 0.45454545454545453 0.45454545454545453 0.45454545454545453 0.45454545454545453 
0.10638297872340426 0.2127659574468085 0.3191489361702127 0.425531914893617 0.5319148936170213 0.6382978723404255 0.7446808510638298 0.7446808510638298 0.7446808510638298 0.7446808510638298 
0.10869565217391304 0.21739130434782608 0.32608695652173914 0.43478260869565216 0.5434782608695652 0.6521739130434783 0.6521739130434783 0.6521739130434783 0.6521739130434783 0.6521739130434783 
0.11111111111111112 0.22222222222222224 0.3333333333333333 0.4444444444444445 0.5555555555555556 0.5555555555555556 0.5555555555555556 0.5555555555555556 0.5555555555555556 0.5555555555555556 
0.10638297872340426 0.2127659574468085 0.3191489361702127 0.425531914893617 0.5319148936170213 0.6382978723404255 0.7446808510638298 0.7446808510638298 0.7446808510638298 0.7446808510638298 
0.10416666666666667 0.20833333333333334 0.3125 0.4166666666666667 0.5208333333333334 0.625 0.7291666666666666 0.8333333333333334 0.8333333333333334 0.8333333333333334 
0.1 0.2 0.3 0.4 0.5 0.6 0.7 0.8 0.8999999999999999 1.0 
0.1 0.2 0.3 0.4 0.5 0.6 0.7 0.8 0.8999999999999999 1.0 
0.10204081632653061 0.20408163265306123 0.30612244897959184 0.40816326530612246 0.5102040816326531 0.6122448979591837 0.7142857142857143 0.8163265306122449 0.8163265306122449 0.9183673469387754 
0.11111111111111112 0.22222222222222224 0.3333333333333333 0.4444444444444445 0.5555555555555556 0.5555555555555556 0.5555555555555556 0.5555555555555556 0.5555555555555556 0.5555555555555556 
0.10869565217391304 0.21739130434782608 0.32608695652173914 0.43478260869565216 0.5434782608695652 0.6521739130434783 0.6521739130434783 0.6521739130434783 0.6521739130434783 0.6521739130434783 
0.11363636363636363 0.22727272727272727 0.34090909090909094 0.45454545454545453 0.45454545454545453 0.45454545454545453 0.45454545454545453 0.45454545454545453 0.45454545454545453 0.45454545454545453 
0.10869565217391304 0.21739130434782608 0.32608695652173914 0.43478260869565216 0.5434782608695652 0.6521739130434783 0.6521739130434783 0.6521739130434783 0.6521739130434783 0.6521739130434783 
0.10869565217391304 0.21739130434782608 0.32608695652173914 0.43478260869565216 0.5434782608695652 0.6521739130434783 0.6521739130434783 0.6521739130434783 0.6521739130434783 0.6521739130434783 
0.10869565217391304 0.21739130434782608 0.32608695652173914 0.43478260869565216 0.5434782608695652 0.6521739130434783 0.6521739130434783 0.6521739130434783 0.6521739130434783 0.6521739130434783 
0.11111111111111112 0.22222222222222224 0.3333333333333333 0.4444444444444445 0.5555555555555556 0.5555555555555556 0.5555555555555556 0.5555555555555556 0.5555555555555556 0.5555555555555556 
0.11111111111111112 0.22222222222222224 0.3333333333333333 0.4444444444444445 0.5555555555555556 0.5555555555555556 0.5555555555555556 0.5555555555555556 0.5555555555555556 0.5555555555555556 
0.11363636363636363 0.22727272727272727 0.34090909090909094 0.45454545454545453 0.45454545454545453 0.45454545454545453 0.45454545454545453 0.45454545454545453 0.45454545454545453 0.45454545454545453 
0.10869565217391304 0.21739130434782608 0.32608695652173914 0.43478260869565216 0.5434782608695652 0.6521739130434783 0.6521739130434783 0.6521739130434783 0.6521739130434783 0.6521739130434783 
0.11111111111111112 0.22222222222222224 0.3333333333333333 0.4444444444444445 0.5555555555555556 0.5555555555555556 0.5555555555555556 0.5555555555555556 0.5555555555555556 0.5555555555555556 
0.10416666666666667 0.20833333333333334 0.3125 0.4166666666666667 0.5208333333333334 0.625 0.7291666666666666 0.8333333333333334 0.8333333333333334 0.8333333333333334 
0.10204081632653061 0.20408163265306123 0.30612244897959184 0.40816326530612246 0.5102040816326531 0.6122448979591837 0.7142857142857143 0.8163265306122449 0.9183673469387754 0.9183673469387754 
0.10638297872340426 0.2127659574468085 0.3191489361702127 0.425531914893617 0.5319148936170213 0.6382978723404255 0.7446808510638298 0.7446808510638298 0.7446808510638298 0.7446808510638298 
0.10204081632653061 0.20408163265306123 0.30612244897959184 0.40816326530612246 0.5102040816326531 0.6122448979591837 0.7142857142857143 0.8163265306122449 0.9183673469387754 0.9183673469387754 
0.10416666666666667 0.20833333333333334 0.3125 0.4166666666666667 0.5208333333333334 0.625 0.7291666666666666 0.8333333333333334 0.8333333333333334 0.8333333333333334 
0.10416666666666667 0.20833333333333334 0.3125 0.4166666666666667 0.5208333333333334 0.625 0.7291666666666666 0.8333333333333334 0.8333333333333334 0.8333333333333334 
0.10416666666666667 0.20833333333333334 0.3125 0.4166666666666667 0.5208333333333334 0.625 0.7291666666666666 0.8333333333333334 0.8333333333333334 0.8333333333333334 
0.10638297872340426 0.2127659574468085 0.3191489361702127 0.425531914893617 0.5319148936170213 0.6382978723404255 0.6382978723404255 0.6382978723404255 0.7446808510638298 0.7446808510638298 
0.11111111111111112 0.22222222222222224 0.3333333333333333 0.4444444444444445 0.5555555555555556 0.5555555555555556 0.5555555555555556 0.5555555555555556 0.5555555555555556 0.5555555555555556 
0.10638297872340426 0.2127659574468085 0.3191489361702127 0.425531914893617 0.5319148936170213 0.6382978723404255 0.7446808510638298 0.7446808510638298 0.7446808510638298 0.7446808510638298 
0.10416666666666667 0.20833333333333334 0.3125 0.4166666666666667 0.5208333333333334 0.625 0.7291666666666666 0.8333333333333334 0.8333333333333334 0.8333333333333334 
0.11111111111111112 0.22222222222222224 0.3333333333333333 0.4444444444444445 0.5555555555555556 0.5555555555555556 0.5555555555555556 0.5555555555555556 0.5555555555555556 0.5555555555555556 
0.10638297872340426 0.2127659574468085 0.3191489361702127 0.425531914893617 0.5319148936170213 0.6382978723404255 0.6382978723404255 0.6382978723404255 0.7446808510638298 0.7446808510638298 
0.10416666666666667 0.20833333333333334 0.3125 0.4166666666666667 0.5208333333333334 0.625 0.7291666666666666 0.8333333333333334 0.8333333333333334 0.8333333333333334 
0.11627906976744186 0.23255813953488372 0.3488372093023256 0.3488372093023256 0.3488372093023256 0.3488372093023256 0.3488372093023256 0.3488372093023256 0.3488372093023256 0.3488372093023256 
0.10869565217391304 0.21739130434782608 0.32608695652173914 0.43478260869565216 0.5434782608695652 0.6521739130434783 0.6521739130434783 0.6521739130434783 0.6521739130434783 0.6521739130434783 
0.10869565217391304 0.21739130434782608 0.32608695652173914 0.43478260869565216 0.5434782608695652 0.6521739130434783 0.6521739130434783 0.6521739130434783 0.6521739130434783 0.6521739130434783 
0.10869565217391304 0.21739130434782608 0.32608695652173914 0.43478260869565216 0.43478260869565216 0.5434782608695652 0.6521739130434783 0.6521739130434783 0.6521739130434783 0.6521739130434783 
0.10869565217391304 0.21739130434782608 0.32608695652173914 0.43478260869565216 0.5434782608695652 0.6521739130434783 0.6521739130434783 0.6521739130434783 0.6521739130434783 0.6521739130434783 
0.10869565217391304 0.21739130434782608 0.32608695652173914 0.43478260869565216 0.5434782608695652 0.6521739130434783 0.6521739130434783 0.6521739130434783 0.6521739130434783 0.6521739130434783 
0.1 0.2 0.3 0.4 0.5 0.6 0.7 0.8 0.8999999999999999 1.0 
0.10638297872340426 0.2127659574468085 0.3191489361702127 0.425531914893617 0.5319148936170213 0.6382978723404255 0.7446808510638298 0.7446808510638298 0.7446808510638298 0.7446808510638298 
0.10869565217391304 0.21739130434782608 0.32608695652173914 0.43478260869565216 0.5434782608695652 0.5434782608695652 0.5434782608695652 0.6521739130434783 0.6521739130434783 0.6521739130434783 
0.10416666666666667 0.20833333333333334 0.3125 0.4166666666666667 0.5208333333333334 0.625 0.7291666666666666 0.8333333333333334 0.8333333333333334 0.8333333333333334 
0.10204081632653061 0.20408163265306123 0.30612244897959184 0.40816326530612246 0.5102040816326531 0.6122448979591837 0.7142857142857143 0.8163265306122449 0.9183673469387754 0.9183673469387754 
0.10869565217391304 0.21739130434782608 0.32608695652173914 0.43478260869565216 0.5434782608695652 0.5434782608695652 0.6521739130434783 0.6521739130434783 0.6521739130434783 0.6521739130434783 
0.11904761904761904 0.23809523809523808 0.23809523809523808 0.23809523809523808 0.23809523809523808 0.23809523809523808 0.23809523809523808 0.23809523809523808 0.23809523809523808 0.23809523809523808 
0.10638297872340426 0.2127659574468085 0.3191489361702127 0.425531914893617 0.5319148936170213 0.6382978723404255 0.7446808510638298 0.7446808510638298 0.7446808510638298 0.7446808510638298 
0.10416666666666667 0.20833333333333334 0.3125 0.4166666666666667 0.5208333333333334 0.625 0.7291666666666666 0.8333333333333334 0.8333333333333334 0.8333333333333334 
0.11111111111111112 0.22222222222222224 0.3333333333333333 0.4444444444444445 0.5555555555555556 0.5555555555555556 0.5555555555555556 0.5555555555555556 0.5555555555555556 0.5555555555555556 
0.10638297872340426 0.2127659574468085 0.3191489361702127 0.425531914893617 0.5319148936170213 0.6382978723404255 0.7446808510638298 0.7446808510638298 0.7446808510638298 0.7446808510638298 
0.11363636363636363 0.22727272727272727 0.34090909090909094 0.34090909090909094 0.45454545454545453 0.45454545454545453 0.45454545454545453 0.45454545454545453 0.45454545454545453 0.45454545454545453 
0.10638297872340426 0.2127659574468085 0.3191489361702127 0.425531914893617 0.5319148936170213 0.6382978723404255 0.7446808510638298 0.7446808510638298 0.7446808510638298 0.7446808510638298 
0.10204081632653061 0.20408163265306123 0.30612244897959184 0.40816326530612246 0.5102040816326531 0.6122448979591837 0.7142857142857143 0.8163265306122449 0.9183673469387754 0.9183673469387754 
0.11111111111111112 0.22222222222222224 0.3333333333333333 0.4444444444444445 0.5555555555555556 0.5555555555555556 0.5555555555555556 0.5555555555555556 0.5555555555555556 0.5555555555555556 
0.10869565217391304 0.21739130434782608 0.32608695652173914 0.43478260869565216 0.5434782608695652 0.6521739130434783 0.6521739130434783 0.6521739130434783 0.6521739130434783 0.6521739130434783 
0.10869565217391304 0.21739130434782608 0.32608695652173914 0.43478260869565216 0.5434782608695652 0.6521739130434783 0.6521739130434783 0.6521739130434783 0.6521739130434783 0.6521739130434783 
0.10204081632653061 0.20408163265306123 0.30612244897959184 0.40816326530612246 0.5102040816326531 0.6122448979591837 0.7142857142857143 0.8163265306122449 0.8163265306122449 0.9183673469387754 
0.10204081632653061 0.20408163265306123 0.30612244897959184 0.40816326530612246 0.5102040816326531 0.6122448979591837 0.7142857142857143 0.8163265306122449 0.8163265306122449 0.9183673469387754 
0.10204081632653061 0.20408163265306123 0.30612244897959184 0.40816326530612246 0.5102040816326531 0.6122448979591837 0.7142857142857143 0.8163265306122449 0.9183673469387754 0.9183673469387754 
0.10204081632653061 0.20408163265306123 0.30612244897959184 0.40816326530612246 0.5102040816326531 0.6122448979591837 0.7142857142857143 0.8163265306122449 0.8163265306122449 0.9183673469387754 
0.11627906976744186 0.23255813953488372 0.3488372093023256 0.3488372093023256 0.3488372093023256 0.3488372093023256 0.3488372093023256 0.3488372093023256 0.3488372093023256 0.3488372093023256 
0.10638297872340426 0.2127659574468085 0.3191489361702127 0.425531914893617 0.5319148936170213 0.6382978723404255 0.7446808510638298 0.7446808510638298 0.7446808510638298 0.7446808510638298 
0.10869565217391304 0.21739130434782608 0.32608695652173914 0.43478260869565216 0.5434782608695652 0.6521739130434783 0.6521739130434783 0.6521739130434783 0.6521739130434783 0.6521739130434783 
0.1 0.2 0.3 0.4 0.5 0.6 0.7 0.8 0.8999999999999999 1.0 
0.10204081632653061 0.20408163265306123 0.30612244897959184 0.40816326530612246 0.5102040816326531 0.6122448979591837 0.7142857142857143 0.8163265306122449 0.9183673469387754 0.9183673469387754 
0.10638297872340426 0.2127659574468085 0.3191489361702127 0.425531914893617 0.5319148936170213 0.6382978723404255 0.7446808510638298 0.7446808510638298 0.7446808510638298 0.7446808510638298 
0.10638297872340426 0.2127659574468085 0.3191489361702127 0.425531914893617 0.5319148936170213 0.6382978723404255 0.7446808510638298 0.7446808510638298 0.7446808510638298 0.7446808510638298 
0.10204081632653061 0.20408163265306123 0.30612244897959184 0.40816326530612246 0.5102040816326531 0.6122448979591837 0.7142857142857143 0.8163265306122449 0.9183673469387754 0.9183673469387754 
0.10638297872340426 0.2127659574468085 0.3191489361702127 0.425531914893617 0.5319148936170213 0.6382978723404255 0.6382978723404255 0.7446808510638298 0.7446808510638298 0.7446808510638298 
0.1 0.2 0.3 0.4 0.5 0.6 0.7 0.8 0.8999999999999999 1.0 
0.10204081632653061 0.20408163265306123 0.30612244897959184 0.40816326530612246 0.5102040816326531 0.6122448979591837 0.7142857142857143 0.8163265306122449 0.9183673469387754 0.9183673469387754 
0.10204081632653061 0.20408163265306123 0.30612244897959184 0.40816326530612246 0.5102040816326531 0.6122448979591837 0.7142857142857143 0.8163265306122449 0.9183673469387754 0.9183673469387754 
0.10416666666666667 0.20833333333333334 0.3125 0.4166666666666667 0.5208333333333334 0.625 0.7291666666666666 0.8333333333333334 0.8333333333333334 0.8333333333333334 
0.10869565217391304 0.21739130434782608 0.32608695652173914 0.43478260869565216 0.5434782608695652 0.6521739130434783 0.6521739130434783 0.6521739130434783 0.6521739130434783 0.6521739130434783 
0.11363636363636363 0.22727272727272727 0.34090909090909094 0.45454545454545453 0.45454545454545453 0.45454545454545453 0.45454545454545453 0.45454545454545453 0.45454545454545453 0.45454545454545453 

