prescision@ average results:
0.19999999999999962 0.39999999999999925 0.5818181818181826 0.7373737373737363 0.8242424242424234 

recall@ average results:
0.2589225589225587 0.5178451178451174 0.7355218855218855 0.9111111111111104 1.0 

F1@ average results:
0.2216049382716046 0.4432098765432092 0.6398428731762064 0.8042087542087528 0.8919753086419745 

F0.5@ average results:
0.2075790846541832 0.4151581693083664 0.6023672163000229 0.7612129197109426 0.8484183069163304 

prescision@ results:
0.2 0.4 0.6 0.8 0.8 
0.2 0.4 0.6 0.8 0.8 
0.2 0.4 0.6 0.8 0.8 
0.2 0.4 0.6 0.8 0.8 
0.2 0.4 0.6 0.8 0.8 
0.2 0.4 0.6 0.8 1.0 
0.2 0.4 0.6 0.8 1.0 
0.2 0.4 0.6 0.8 1.0 
0.2 0.4 0.6 0.8 1.0 
0.2 0.4 0.6 0.6 0.8 
0.2 0.4 0.4 0.4 0.4 
0.2 0.4 0.6 0.8 0.8 
0.2 0.4 0.6 0.8 1.0 
0.2 0.4 0.6 0.8 1.0 
0.2 0.4 0.6 0.8 0.8 
0.2 0.4 0.6 0.6 0.6 
0.2 0.4 0.4 0.4 0.4 
0.2 0.4 0.6 0.8 1.0 
0.2 0.4 0.6 0.8 1.0 
0.2 0.4 0.6 0.8 0.8 
0.2 0.4 0.6 0.6 0.6 
0.2 0.4 0.6 0.8 1.0 
0.2 0.4 0.6 0.8 1.0 
0.2 0.4 0.6 0.6 0.6 
0.2 0.4 0.6 0.8 0.8 
0.2 0.4 0.6 0.8 0.8 
0.2 0.4 0.6 0.6 0.6 
0.2 0.4 0.6 0.6 0.6 
0.2 0.4 0.6 0.8 0.8 
0.2 0.4 0.6 0.8 0.8 
0.2 0.4 0.6 0.8 1.0 
0.2 0.4 0.6 0.8 1.0 
0.2 0.4 0.6 0.8 1.0 
0.2 0.4 0.4 0.4 0.4 
0.2 0.4 0.6 0.8 1.0 
0.2 0.4 0.6 0.8 0.8 
0.2 0.4 0.6 0.6 0.6 
0.2 0.4 0.6 0.6 0.8 
0.2 0.4 0.4 0.6 0.6 
0.2 0.4 0.6 0.6 0.6 
0.2 0.4 0.6 0.8 1.0 
0.2 0.4 0.6 0.8 1.0 
0.2 0.4 0.6 0.8 1.0 
0.2 0.4 0.6 0.8 1.0 
0.2 0.4 0.6 0.8 1.0 
0.2 0.4 0.6 0.8 1.0 
0.2 0.4 0.6 0.8 0.8 
0.2 0.4 0.6 0.8 0.8 
0.2 0.4 0.6 0.8 0.8 
0.2 0.4 0.6 0.8 1.0 
0.2 0.4 0.6 0.8 1.0 
0.2 0.4 0.6 0.8 0.8 
0.2 0.4 0.6 0.8 0.8 
0.2 0.4 0.6 0.6 0.8 
0.2 0.4 0.4 0.4 0.4 
0.2 0.4 0.6 0.8 0.8 
0.2 0.4 0.6 0.8 1.0 
0.2 0.4 0.4 0.4 0.4 
0.2 0.4 0.6 0.8 1.0 
0.2 0.4 0.6 0.8 1.0 
0.2 0.4 0.6 0.6 0.6 
0.2 0.4 0.6 0.8 0.8 
0.2 0.4 0.4 0.4 0.4 
0.2 0.4 0.6 0.8 1.0 
0.2 0.4 0.6 0.8 1.0 
0.2 0.4 0.6 0.8 1.0 
0.2 0.4 0.6 0.8 1.0 
0.2 0.4 0.6 0.8 0.8 
0.2 0.4 0.6 0.6 0.6 
0.2 0.4 0.6 0.8 0.8 
0.2 0.4 0.6 0.8 0.8 
0.2 0.4 0.6 0.8 0.8 
0.2 0.4 0.6 0.8 0.8 
0.2 0.4 0.6 0.6 0.6 
0.2 0.4 0.6 0.8 0.8 
0.2 0.4 0.6 0.8 0.8 
0.2 0.4 0.6 0.8 0.8 
0.2 0.4 0.4 0.4 0.4 
0.2 0.4 0.6 0.8 1.0 
0.2 0.4 0.6 0.6 0.6 
0.2 0.4 0.6 0.8 1.0 
0.2 0.4 0.4 0.6 0.8 
0.2 0.4 0.6 0.8 1.0 
0.2 0.4 0.6 0.8 0.8 
0.2 0.4 0.6 0.6 0.6 
0.2 0.4 0.6 0.8 0.8 
0.2 0.4 0.6 0.8 0.8 
0.2 0.4 0.6 0.8 1.0 
0.2 0.4 0.6 0.8 1.0 
0.2 0.4 0.6 0.8 1.0 
0.2 0.4 0.6 0.8 0.8 
0.2 0.4 0.6 0.8 1.0 
0.2 0.4 0.6 0.8 0.8 
0.2 0.4 0.6 0.8 1.0 
0.2 0.4 0.6 0.8 0.8 
0.2 0.4 0.6 0.8 0.8 
0.2 0.4 0.6 0.8 1.0 
0.2 0.4 0.6 0.8 1.0 
0.2 0.4 0.6 0.8 0.8 

recall@ results:
0.25 0.5 0.75 1.0 1.0 
0.25 0.5 0.75 1.0 1.0 
0.25 0.5 0.75 1.0 1.0 
0.25 0.5 0.75 1.0 1.0 
0.25 0.5 0.75 1.0 1.0 
0.2 0.4 0.6 0.8 1.0 
0.2 0.4 0.6 0.8 1.0 
0.2 0.4 0.6 0.8 1.0 
0.2 0.4 0.6 0.8 1.0 
0.25 0.5 0.75 0.75 1.0 
0.5 1.0 1.0 1.0 1.0 
0.25 0.5 0.75 1.0 1.0 
0.2 0.4 0.6 0.8 1.0 
0.2 0.4 0.6 0.8 1.0 
0.25 0.5 0.75 1.0 1.0 
0.3333333333333333 0.6666666666666666 1.0 1.0 1.0 
0.5 1.0 1.0 1.0 1.0 
0.2 0.4 0.6 0.8 1.0 
0.2 0.4 0.6 0.8 1.0 
0.25 0.5 0.75 1.0 1.0 
0.3333333333333333 0.6666666666666666 1.0 1.0 1.0 
0.2 0.4 0.6 0.8 1.0 
0.2 0.4 0.6 0.8 1.0 
0.3333333333333333 0.6666666666666666 1.0 1.0 1.0 
0.25 0.5 0.75 1.0 1.0 
0.25 0.5 0.75 1.0 1.0 
0.3333333333333333 0.6666666666666666 1.0 1.0 1.0 
0.3333333333333333 0.6666666666666666 1.0 1.0 1.0 
0.25 0.5 0.75 1.0 1.0 
0.25 0.5 0.75 1.0 1.0 
0.2 0.4 0.6 0.8 1.0 
0.2 0.4 0.6 0.8 1.0 
0.2 0.4 0.6 0.8 1.0 
0.5 1.0 1.0 1.0 1.0 
0.2 0.4 0.6 0.8 1.0 
0.25 0.5 0.75 1.0 1.0 
0.3333333333333333 0.6666666666666666 1.0 1.0 1.0 
0.25 0.5 0.75 0.75 1.0 
0.3333333333333333 0.6666666666666666 0.6666666666666666 1.0 1.0 
0.3333333333333333 0.6666666666666666 1.0 1.0 1.0 
0.2 0.4 0.6 0.8 1.0 
0.2 0.4 0.6 0.8 1.0 
0.2 0.4 0.6 0.8 1.0 
0.2 0.4 0.6 0.8 1.0 
0.2 0.4 0.6 0.8 1.0 
0.2 0.4 0.6 0.8 1.0 
0.25 0.5 0.75 1.0 1.0 
0.25 0.5 0.75 1.0 1.0 
0.25 0.5 0.75 1.0 1.0 
0.2 0.4 0.6 0.8 1.0 
0.2 0.4 0.6 0.8 1.0 
0.25 0.5 0.75 1.0 1.0 
0.25 0.5 0.75 1.0 1.0 
0.25 0.5 0.75 0.75 1.0 
0.5 1.0 1.0 1.0 1.0 
0.25 0.5 0.75 1.0 1.0 
0.2 0.4 0.6 0.8 1.0 
0.5 1.0 1.0 1.0 1.0 
0.2 0.4 0.6 0.8 1.0 
0.2 0.4 0.6 0.8 1.0 
0.3333333333333333 0.6666666666666666 1.0 1.0 1.0 
0.25 0.5 0.75 1.0 1.0 
0.5 1.0 1.0 1.0 1.0 
0.2 0.4 0.6 0.8 1.0 
0.2 0.4 0.6 0.8 1.0 
0.2 0.4 0.6 0.8 1.0 
0.2 0.4 0.6 0.8 1.0 
0.25 0.5 0.75 1.0 1.0 
0.3333333333333333 0.6666666666666666 1.0 1.0 1.0 
0.25 0.5 0.75 1.0 1.0 
0.25 0.5 0.75 1.0 1.0 
0.25 0.5 0.75 1.0 1.0 
0.25 0.5 0.75 1.0 1.0 
0.3333333333333333 0.6666666666666666 1.0 1.0 1.0 
0.25 0.5 0.75 1.0 1.0 
0.25 0.5 0.75 1.0 1.0 
0.25 0.5 0.75 1.0 1.0 
0.5 1.0 1.0 1.0 1.0 
0.2 0.4 0.6 0.8 1.0 
0.3333333333333333 0.6666666666666666 1.0 1.0 1.0 
0.2 0.4 0.6 0.8 1.0 
0.25 0.5 0.5 0.75 1.0 
0.2 0.4 0.6 0.8 1.0 
0.25 0.5 0.75 1.0 1.0 
0.3333333333333333 0.6666666666666666 1.0 1.0 1.0 
0.25 0.5 0.75 1.0 1.0 
0.25 0.5 0.75 1.0 1.0 
0.2 0.4 0.6 0.8 1.0 
0.2 0.4 0.6 0.8 1.0 
0.2 0.4 0.6 0.8 1.0 
0.25 0.5 0.75 1.0 1.0 
0.2 0.4 0.6 0.8 1.0 
0.25 0.5 0.75 1.0 1.0 
0.2 0.4 0.6 0.8 1.0 
0.25 0.5 0.75 1.0 1.0 
0.25 0.5 0.75 1.0 1.0 
0.2 0.4 0.6 0.8 1.0 
0.2 0.4 0.6 0.8 1.0 
0.25 0.5 0.75 1.0 1.0 

f1@ results:
0.22222222222222224 0.4444444444444445 0.6666666666666665 0.888888888888889 0.888888888888889 
0.22222222222222224 0.4444444444444445 0.6666666666666665 0.888888888888889 0.888888888888889 
0.22222222222222224 0.4444444444444445 0.6666666666666665 0.888888888888889 0.888888888888889 
0.22222222222222224 0.4444444444444445 0.6666666666666665 0.888888888888889 0.888888888888889 
0.22222222222222224 0.4444444444444445 0.6666666666666665 0.888888888888889 0.888888888888889 
0.20000000000000004 0.4000000000000001 0.6 0.8000000000000002 1.0 
0.20000000000000004 0.4000000000000001 0.6 0.8000000000000002 1.0 
0.20000000000000004 0.4000000000000001 0.6 0.8000000000000002 1.0 
0.20000000000000004 0.4000000000000001 0.6 0.8000000000000002 1.0 
0.22222222222222224 0.4444444444444445 0.6666666666666665 0.6666666666666665 0.888888888888889 
0.28571428571428575 0.5714285714285715 0.5714285714285715 0.5714285714285715 0.5714285714285715 
0.22222222222222224 0.4444444444444445 0.6666666666666665 0.888888888888889 0.888888888888889 
0.20000000000000004 0.4000000000000001 0.6 0.8000000000000002 1.0 
0.20000000000000004 0.4000000000000001 0.6 0.8000000000000002 1.0 
0.22222222222222224 0.4444444444444445 0.6666666666666665 0.888888888888889 0.888888888888889 
0.25 0.5 0.7499999999999999 0.7499999999999999 0.7499999999999999 
0.28571428571428575 0.5714285714285715 0.5714285714285715 0.5714285714285715 0.5714285714285715 
0.20000000000000004 0.4000000000000001 0.6 0.8000000000000002 1.0 
0.20000000000000004 0.4000000000000001 0.6 0.8000000000000002 1.0 
0.22222222222222224 0.4444444444444445 0.6666666666666665 0.888888888888889 0.888888888888889 
0.25 0.5 0.7499999999999999 0.7499999999999999 0.7499999999999999 
0.20000000000000004 0.4000000000000001 0.6 0.8000000000000002 1.0 
0.20000000000000004 0.4000000000000001 0.6 0.8000000000000002 1.0 
0.25 0.5 0.7499999999999999 0.7499999999999999 0.7499999999999999 
0.22222222222222224 0.4444444444444445 0.6666666666666665 0.888888888888889 0.888888888888889 
0.22222222222222224 0.4444444444444445 0.6666666666666665 0.888888888888889 0.888888888888889 
0.25 0.5 0.7499999999999999 0.7499999999999999 0.7499999999999999 
0.25 0.5 0.7499999999999999 0.7499999999999999 0.7499999999999999 
0.22222222222222224 0.4444444444444445 0.6666666666666665 0.888888888888889 0.888888888888889 
0.22222222222222224 0.4444444444444445 0.6666666666666665 0.888888888888889 0.888888888888889 
0.20000000000000004 0.4000000000000001 0.6 0.8000000000000002 1.0 
0.20000000000000004 0.4000000000000001 0.6 0.8000000000000002 1.0 
0.20000000000000004 0.4000000000000001 0.6 0.8000000000000002 1.0 
0.28571428571428575 0.5714285714285715 0.5714285714285715 0.5714285714285715 0.5714285714285715 
0.20000000000000004 0.4000000000000001 0.6 0.8000000000000002 1.0 
0.22222222222222224 0.4444444444444445 0.6666666666666665 0.888888888888889 0.888888888888889 
0.25 0.5 0.7499999999999999 0.7499999999999999 0.7499999999999999 
0.22222222222222224 0.4444444444444445 0.6666666666666665 0.6666666666666665 0.888888888888889 
0.25 0.5 0.5 0.7499999999999999 0.7499999999999999 
0.25 0.5 0.7499999999999999 0.7499999999999999 0.7499999999999999 
0.20000000000000004 0.4000000000000001 0.6 0.8000000000000002 1.0 
0.20000000000000004 0.4000000000000001 0.6 0.8000000000000002 1.0 
0.20000000000000004 0.4000000000000001 0.6 0.8000000000000002 1.0 
0.20000000000000004 0.4000000000000001 0.6 0.8000000000000002 1.0 
0.20000000000000004 0.4000000000000001 0.6 0.8000000000000002 1.0 
0.20000000000000004 0.4000000000000001 0.6 0.8000000000000002 1.0 
0.22222222222222224 0.4444444444444445 0.6666666666666665 0.888888888888889 0.888888888888889 
0.22222222222222224 0.4444444444444445 0.6666666666666665 0.888888888888889 0.888888888888889 
0.22222222222222224 0.4444444444444445 0.6666666666666665 0.888888888888889 0.888888888888889 
0.20000000000000004 0.4000000000000001 0.6 0.8000000000000002 1.0 
0.20000000000000004 0.4000000000000001 0.6 0.8000000000000002 1.0 
0.22222222222222224 0.4444444444444445 0.6666666666666665 0.888888888888889 0.888888888888889 
0.22222222222222224 0.4444444444444445 0.6666666666666665 0.888888888888889 0.888888888888889 
0.22222222222222224 0.4444444444444445 0.6666666666666665 0.6666666666666665 0.888888888888889 
0.28571428571428575 0.5714285714285715 0.5714285714285715 0.5714285714285715 0.5714285714285715 
0.22222222222222224 0.4444444444444445 0.6666666666666665 0.888888888888889 0.888888888888889 
0.20000000000000004 0.4000000000000001 0.6 0.8000000000000002 1.0 
0.28571428571428575 0.5714285714285715 0.5714285714285715 0.5714285714285715 0.5714285714285715 
0.20000000000000004 0.4000000000000001 0.6 0.8000000000000002 1.0 
0.20000000000000004 0.4000000000000001 0.6 0.8000000000000002 1.0 
0.25 0.5 0.7499999999999999 0.7499999999999999 0.7499999999999999 
0.22222222222222224 0.4444444444444445 0.6666666666666665 0.888888888888889 0.888888888888889 
0.28571428571428575 0.5714285714285715 0.5714285714285715 0.5714285714285715 0.5714285714285715 
0.20000000000000004 0.4000000000000001 0.6 0.8000000000000002 1.0 
0.20000000000000004 0.4000000000000001 0.6 0.8000000000000002 1.0 
0.20000000000000004 0.4000000000000001 0.6 0.8000000000000002 1.0 
0.20000000000000004 0.4000000000000001 0.6 0.8000000000000002 1.0 
0.22222222222222224 0.4444444444444445 0.6666666666666665 0.888888888888889 0.888888888888889 
0.25 0.5 0.7499999999999999 0.7499999999999999 0.7499999999999999 
0.22222222222222224 0.4444444444444445 0.6666666666666665 0.888888888888889 0.888888888888889 
0.22222222222222224 0.4444444444444445 0.6666666666666665 0.888888888888889 0.888888888888889 
0.22222222222222224 0.4444444444444445 0.6666666666666665 0.888888888888889 0.888888888888889 
0.22222222222222224 0.4444444444444445 0.6666666666666665 0.888888888888889 0.888888888888889 
0.25 0.5 0.7499999999999999 0.7499999999999999 0.7499999999999999 
0.22222222222222224 0.4444444444444445 0.6666666666666665 0.888888888888889 0.888888888888889 
0.22222222222222224 0.4444444444444445 0.6666666666666665 0.888888888888889 0.888888888888889 
0.22222222222222224 0.4444444444444445 0.6666666666666665 0.888888888888889 0.888888888888889 
0.28571428571428575 0.5714285714285715 0.5714285714285715 0.5714285714285715 0.5714285714285715 
0.20000000000000004 0.4000000000000001 0.6 0.8000000000000002 1.0 
0.25 0.5 0.7499999999999999 0.7499999999999999 0.7499999999999999 
0.20000000000000004 0.4000000000000001 0.6 0.8000000000000002 1.0 
0.22222222222222224 0.4444444444444445 0.4444444444444445 0.6666666666666665 0.888888888888889 
0.20000000000000004 0.4000000000000001 0.6 0.8000000000000002 1.0 
0.22222222222222224 0.4444444444444445 0.6666666666666665 0.888888888888889 0.888888888888889 
0.25 0.5 0.7499999999999999 0.7499999999999999 0.7499999999999999 
0.22222222222222224 0.4444444444444445 0.6666666666666665 0.888888888888889 0.888888888888889 
0.22222222222222224 0.4444444444444445 0.6666666666666665 0.888888888888889 0.888888888888889 
0.20000000000000004 0.4000000000000001 0.6 0.8000000000000002 1.0 
0.20000000000000004 0.4000000000000001 0.6 0.8000000000000002 1.0 
0.20000000000000004 0.4000000000000001 0.6 0.8000000000000002 1.0 
0.22222222222222224 0.4444444444444445 0.6666666666666665 0.888888888888889 0.888888888888889 
0.20000000000000004 0.4000000000000001 0.6 0.8000000000000002 1.0 
0.22222222222222224 0.4444444444444445 0.6666666666666665 0.888888888888889 0.888888888888889 
0.20000000000000004 0.4000000000000001 0.6 0.8000000000000002 1.0 
0.22222222222222224 0.4444444444444445 0.6666666666666665 0.888888888888889 0.888888888888889 
0.22222222222222224 0.4444444444444445 0.6666666666666665 0.888888888888889 0.888888888888889 
0.20000000000000004 0.4000000000000001 0.6 0.8000000000000002 1.0 
0.20000000000000004 0.4000000000000001 0.6 0.8000000000000002 1.0 
0.22222222222222224 0.4444444444444445 0.6666666666666665 0.888888888888889 0.888888888888889 

f0.5@ results:
0.20833333333333334 0.4166666666666667 0.625 0.8333333333333334 0.8333333333333334 
0.20833333333333334 0.4166666666666667 0.625 0.8333333333333334 0.8333333333333334 
0.20833333333333334 0.4166666666666667 0.625 0.8333333333333334 0.8333333333333334 
0.20833333333333334 0.4166666666666667 0.625 0.8333333333333334 0.8333333333333334 
0.20833333333333334 0.4166666666666667 0.625 0.8333333333333334 0.8333333333333334 
0.2 0.4 0.6 0.8 1.0 
0.2 0.4 0.6 0.8 1.0 
0.2 0.4 0.6 0.8 1.0 
0.2 0.4 0.6 0.8 1.0 
0.20833333333333334 0.4166666666666667 0.625 0.625 0.8333333333333334 
0.22727272727272727 0.45454545454545453 0.45454545454545453 0.45454545454545453 0.45454545454545453 
0.20833333333333334 0.4166666666666667 0.625 0.8333333333333334 0.8333333333333334 
0.2 0.4 0.6 0.8 1.0 
0.2 0.4 0.6 0.8 1.0 
0.20833333333333334 0.4166666666666667 0.625 0.8333333333333334 0.8333333333333334 
0.21739130434782608 0.43478260869565216 0.6521739130434783 0.6521739130434783 0.6521739130434783 
0.22727272727272727 0.45454545454545453 0.45454545454545453 0.45454545454545453 0.45454545454545453 
0.2 0.4 0.6 0.8 1.0 
0.2 0.4 0.6 0.8 1.0 
0.20833333333333334 0.4166666666666667 0.625 0.8333333333333334 0.8333333333333334 
0.21739130434782608 0.43478260869565216 0.6521739130434783 0.6521739130434783 0.6521739130434783 
0.2 0.4 0.6 0.8 1.0 
0.2 0.4 0.6 0.8 1.0 
0.21739130434782608 0.43478260869565216 0.6521739130434783 0.6521739130434783 0.6521739130434783 
0.20833333333333334 0.4166666666666667 0.625 0.8333333333333334 0.8333333333333334 
0.20833333333333334 0.4166666666666667 0.625 0.8333333333333334 0.8333333333333334 
0.21739130434782608 0.43478260869565216 0.6521739130434783 0.6521739130434783 0.6521739130434783 
0.21739130434782608 0.43478260869565216 0.6521739130434783 0.6521739130434783 0.6521739130434783 
0.20833333333333334 0.4166666666666667 0.625 0.8333333333333334 0.8333333333333334 
0.20833333333333334 0.4166666666666667 0.625 0.8333333333333334 0.8333333333333334 
0.2 0.4 0.6 0.8 1.0 
0.2 0.4 0.6 0.8 1.0 
0.2 0.4 0.6 0.8 1.0 
0.22727272727272727 0.45454545454545453 0.45454545454545453 0.45454545454545453 0.45454545454545453 
0.2 0.4 0.6 0.8 1.0 
0.20833333333333334 0.4166666666666667 0.625 0.8333333333333334 0.8333333333333334 
0.21739130434782608 0.43478260869565216 0.6521739130434783 0.6521739130434783 0.6521739130434783 
0.20833333333333334 0.4166666666666667 0.625 0.625 0.8333333333333334 
0.21739130434782608 0.43478260869565216 0.43478260869565216 0.6521739130434783 0.6521739130434783 
0.21739130434782608 0.43478260869565216 0.6521739130434783 0.6521739130434783 0.6521739130434783 
0.2 0.4 0.6 0.8 1.0 
0.2 0.4 0.6 0.8 1.0 
0.2 0.4 0.6 0.8 1.0 
0.2 0.4 0.6 0.8 1.0 
0.2 0.4 0.6 0.8 1.0 
0.2 0.4 0.6 0.8 1.0 
0.20833333333333334 0.4166666666666667 0.625 0.8333333333333334 0.8333333333333334 
0.20833333333333334 0.4166666666666667 0.625 0.8333333333333334 0.8333333333333334 
0.20833333333333334 0.4166666666666667 0.625 0.8333333333333334 0.8333333333333334 
0.2 0.4 0.6 0.8 1.0 
0.2 0.4 0.6 0.8 1.0 
0.20833333333333334 0.4166666666666667 0.625 0.8333333333333334 0.8333333333333334 
0.20833333333333334 0.4166666666666667 0.625 0.8333333333333334 0.8333333333333334 
0.20833333333333334 0.4166666666666667 0.625 0.625 0.8333333333333334 
0.22727272727272727 0.45454545454545453 0.45454545454545453 0.45454545454545453 0.45454545454545453 
0.20833333333333334 0.4166666666666667 0.625 0.8333333333333334 0.8333333333333334 
0.2 0.4 0.6 0.8 1.0 
0.22727272727272727 0.45454545454545453 0.45454545454545453 0.45454545454545453 0.45454545454545453 
0.2 0.4 0.6 0.8 1.0 
0.2 0.4 0.6 0.8 1.0 
0.21739130434782608 0.43478260869565216 0.6521739130434783 0.6521739130434783 0.6521739130434783 
0.20833333333333334 0.4166666666666667 0.625 0.8333333333333334 0.8333333333333334 
0.22727272727272727 0.45454545454545453 0.45454545454545453 0.45454545454545453 0.45454545454545453 
0.2 0.4 0.6 0.8 1.0 
0.2 0.4 0.6 0.8 1.0 
0.2 0.4 0.6 0.8 1.0 
0.2 0.4 0.6 0.8 1.0 
0.20833333333333334 0.4166666666666667 0.625 0.8333333333333334 0.8333333333333334 
0.21739130434782608 0.43478260869565216 0.6521739130434783 0.6521739130434783 0.6521739130434783 
0.20833333333333334 0.4166666666666667 0.625 0.8333333333333334 0.8333333333333334 
0.20833333333333334 0.4166666666666667 0.625 0.8333333333333334 0.8333333333333334 
0.20833333333333334 0.4166666666666667 0.625 0.8333333333333334 0.8333333333333334 
0.20833333333333334 0.4166666666666667 0.625 0.8333333333333334 0.8333333333333334 
0.21739130434782608 0.43478260869565216 0.6521739130434783 0.6521739130434783 0.6521739130434783 
0.20833333333333334 0.4166666666666667 0.625 0.8333333333333334 0.8333333333333334 
0.20833333333333334 0.4166666666666667 0.625 0.8333333333333334 0.8333333333333334 
0.20833333333333334 0.4166666666666667 0.625 0.8333333333333334 0.8333333333333334 
0.22727272727272727 0.45454545454545453 0.45454545454545453 0.45454545454545453 0.45454545454545453 
0.2 0.4 0.6 0.8 1.0 
0.21739130434782608 0.43478260869565216 0.6521739130434783 0.6521739130434783 0.6521739130434783 
0.2 0.4 0.6 0.8 1.0 
0.20833333333333334 0.4166666666666667 0.4166666666666667 0.625 0.8333333333333334 
0.2 0.4 0.6 0.8 1.0 
0.20833333333333334 0.4166666666666667 0.625 0.8333333333333334 0.8333333333333334 
0.21739130434782608 0.43478260869565216 0.6521739130434783 0.6521739130434783 0.6521739130434783 
0.20833333333333334 0.4166666666666667 0.625 0.8333333333333334 0.8333333333333334 
0.20833333333333334 0.4166666666666667 0.625 0.8333333333333334 0.8333333333333334 
0.2 0.4 0.6 0.8 1.0 
0.2 0.4 0.6 0.8 1.0 
0.2 0.4 0.6 0.8 1.0 
0.20833333333333334 0.4166666666666667 0.625 0.8333333333333334 0.8333333333333334 
0.2 0.4 0.6 0.8 1.0 
0.20833333333333334 0.4166666666666667 0.625 0.8333333333333334 0.8333333333333334 
0.2 0.4 0.6 0.8 1.0 
0.20833333333333334 0.4166666666666667 0.625 0.8333333333333334 0.8333333333333334 
0.20833333333333334 0.4166666666666667 0.625 0.8333333333333334 0.8333333333333334 
0.2 0.4 0.6 0.8 1.0 
0.2 0.4 0.6 0.8 1.0 
0.20833333333333334 0.4166666666666667 0.625 0.8333333333333334 0.8333333333333334 

