prescision@ average results:
0.19999999999999962 0.3959595959595952 0.5737373737373745 0.7232323232323223 0.8060606060606054 

recall@ average results:
0.27626262626262604 0.5323232323232319 0.7462962962962962 0.9156565656565652 1.0 

F1@ average results:
0.22463524130190762 0.4425364758698085 0.6351851851851851 0.7933221099887755 0.8768237934904594 

F0.5@ average results:
0.208447499653033 0.4120849944960613 0.5952609570198505 0.7479691988585268 0.8310500069393353 

prescision@ results:
0.2 0.4 0.6 0.8 0.8 
0.2 0.4 0.6 0.8 0.8 
0.2 0.4 0.6 0.8 1.0 
0.2 0.4 0.6 0.6 0.6 
0.2 0.4 0.6 0.6 0.6 
0.2 0.4 0.6 0.8 1.0 
0.2 0.4 0.6 0.8 1.0 
0.2 0.4 0.6 0.8 1.0 
0.2 0.4 0.6 0.8 1.0 
0.2 0.4 0.4 0.6 0.6 
0.2 0.4 0.6 0.8 0.8 
0.2 0.4 0.6 0.8 0.8 
0.2 0.4 0.6 0.8 1.0 
0.2 0.4 0.6 0.8 0.8 
0.2 0.4 0.6 0.6 0.6 
0.2 0.4 0.6 0.8 1.0 
0.2 0.4 0.6 0.6 0.6 
0.2 0.4 0.6 0.8 1.0 
0.2 0.4 0.6 0.8 1.0 
0.2 0.4 0.6 0.8 0.8 
0.2 0.4 0.4 0.4 0.4 
0.2 0.4 0.6 0.8 1.0 
0.2 0.4 0.6 0.8 1.0 
0.2 0.4 0.6 0.6 0.6 
0.2 0.4 0.6 0.8 0.8 
0.2 0.4 0.6 0.8 0.8 
0.2 0.4 0.6 0.8 0.8 
0.2 0.4 0.6 0.8 1.0 
0.2 0.4 0.6 0.8 0.8 
0.2 0.4 0.6 0.8 1.0 
0.2 0.4 0.6 0.8 1.0 
0.2 0.4 0.6 0.8 1.0 
0.2 0.4 0.6 0.8 1.0 
0.2 0.4 0.6 0.8 1.0 
0.2 0.4 0.6 0.8 0.8 
0.2 0.4 0.4 0.4 0.4 
0.2 0.4 0.6 0.8 0.8 
0.2 0.4 0.6 0.6 0.8 
0.2 0.4 0.6 0.8 0.8 
0.2 0.4 0.6 0.8 0.8 
0.2 0.4 0.6 0.8 1.0 
0.2 0.4 0.6 0.8 1.0 
0.2 0.2 0.2 0.2 0.2 
0.2 0.4 0.6 0.8 0.8 
0.2 0.4 0.6 0.8 0.8 
0.2 0.4 0.6 0.8 1.0 
0.2 0.4 0.6 0.8 0.8 
0.2 0.4 0.6 0.8 1.0 
0.2 0.4 0.6 0.8 1.0 
0.2 0.4 0.6 0.8 1.0 
0.2 0.4 0.6 0.8 1.0 
0.2 0.4 0.4 0.4 0.4 
0.2 0.4 0.6 0.8 0.8 
0.2 0.4 0.4 0.6 0.6 
0.2 0.4 0.4 0.4 0.4 
0.2 0.4 0.6 0.8 0.8 
0.2 0.4 0.6 0.8 0.8 
0.2 0.4 0.6 0.8 0.8 
0.2 0.2 0.2 0.2 0.2 
0.2 0.4 0.6 0.8 0.8 
0.2 0.4 0.6 0.8 0.8 
0.2 0.4 0.6 0.8 0.8 
0.2 0.4 0.6 0.6 0.6 
0.2 0.4 0.6 0.8 0.8 
0.2 0.4 0.6 0.8 1.0 
0.2 0.4 0.6 0.6 0.6 
0.2 0.4 0.6 0.8 0.8 
0.2 0.4 0.6 0.8 1.0 
0.2 0.4 0.6 0.8 0.8 
0.2 0.4 0.6 0.8 0.8 
0.2 0.4 0.6 0.6 0.8 
0.2 0.4 0.6 0.8 0.8 
0.2 0.4 0.6 0.8 1.0 
0.2 0.4 0.6 0.6 0.6 
0.2 0.4 0.4 0.4 0.4 
0.2 0.4 0.6 0.8 1.0 
0.2 0.4 0.6 0.8 0.8 
0.2 0.4 0.6 0.6 0.6 
0.2 0.4 0.6 0.8 1.0 
0.2 0.4 0.4 0.4 0.4 
0.2 0.4 0.6 0.8 0.8 
0.2 0.4 0.6 0.6 0.8 
0.2 0.4 0.6 0.8 1.0 
0.2 0.4 0.6 0.8 1.0 
0.2 0.4 0.6 0.6 0.6 
0.2 0.4 0.6 0.8 0.8 
0.2 0.4 0.6 0.6 0.6 
0.2 0.4 0.6 0.8 1.0 
0.2 0.4 0.6 0.8 1.0 
0.2 0.4 0.6 0.8 0.8 
0.2 0.4 0.4 0.4 0.4 
0.2 0.4 0.6 0.8 1.0 
0.2 0.4 0.6 0.8 0.8 
0.2 0.4 0.6 0.8 1.0 
0.2 0.4 0.6 0.8 1.0 
0.2 0.4 0.6 0.8 1.0 
0.2 0.4 0.6 0.8 1.0 
0.2 0.4 0.6 0.6 0.6 
0.2 0.4 0.6 0.6 0.6 

recall@ results:
0.25 0.5 0.75 1.0 1.0 
0.25 0.5 0.75 1.0 1.0 
0.2 0.4 0.6 0.8 1.0 
0.3333333333333333 0.6666666666666666 1.0 1.0 1.0 
0.3333333333333333 0.6666666666666666 1.0 1.0 1.0 
0.2 0.4 0.6 0.8 1.0 
0.2 0.4 0.6 0.8 1.0 
0.2 0.4 0.6 0.8 1.0 
0.2 0.4 0.6 0.8 1.0 
0.3333333333333333 0.6666666666666666 0.6666666666666666 1.0 1.0 
0.25 0.5 0.75 1.0 1.0 
0.25 0.5 0.75 1.0 1.0 
0.2 0.4 0.6 0.8 1.0 
0.25 0.5 0.75 1.0 1.0 
0.3333333333333333 0.6666666666666666 1.0 1.0 1.0 
0.2 0.4 0.6 0.8 1.0 
0.3333333333333333 0.6666666666666666 1.0 1.0 1.0 
0.2 0.4 0.6 0.8 1.0 
0.2 0.4 0.6 0.8 1.0 
0.25 0.5 0.75 1.0 1.0 
0.5 1.0 1.0 1.0 1.0 
0.2 0.4 0.6 0.8 1.0 
0.2 0.4 0.6 0.8 1.0 
0.3333333333333333 0.6666666666666666 1.0 1.0 1.0 
0.25 0.5 0.75 1.0 1.0 
0.25 0.5 0.75 1.0 1.0 
0.25 0.5 0.75 1.0 1.0 
0.2 0.4 0.6 0.8 1.0 
0.25 0.5 0.75 1.0 1.0 
0.2 0.4 0.6 0.8 1.0 
0.2 0.4 0.6 0.8 1.0 
0.2 0.4 0.6 0.8 1.0 
0.2 0.4 0.6 0.8 1.0 
0.2 0.4 0.6 0.8 1.0 
0.25 0.5 0.75 1.0 1.0 
0.5 1.0 1.0 1.0 1.0 
0.25 0.5 0.75 1.0 1.0 
0.25 0.5 0.75 0.75 1.0 
0.25 0.5 0.75 1.0 1.0 
0.25 0.5 0.75 1.0 1.0 
0.2 0.4 0.6 0.8 1.0 
0.2 0.4 0.6 0.8 1.0 
1.0 1.0 1.0 1.0 1.0 
0.25 0.5 0.75 1.0 1.0 
0.25 0.5 0.75 1.0 1.0 
0.2 0.4 0.6 0.8 1.0 
0.25 0.5 0.75 1.0 1.0 
0.2 0.4 0.6 0.8 1.0 
0.2 0.4 0.6 0.8 1.0 
0.2 0.4 0.6 0.8 1.0 
0.2 0.4 0.6 0.8 1.0 
0.5 1.0 1.0 1.0 1.0 
0.25 0.5 0.75 1.0 1.0 
0.3333333333333333 0.6666666666666666 0.6666666666666666 1.0 1.0 
0.5 1.0 1.0 1.0 1.0 
0.25 0.5 0.75 1.0 1.0 
0.25 0.5 0.75 1.0 1.0 
0.25 0.5 0.75 1.0 1.0 
1.0 1.0 1.0 1.0 1.0 
0.25 0.5 0.75 1.0 1.0 
0.25 0.5 0.75 1.0 1.0 
0.25 0.5 0.75 1.0 1.0 
0.3333333333333333 0.6666666666666666 1.0 1.0 1.0 
0.25 0.5 0.75 1.0 1.0 
0.2 0.4 0.6 0.8 1.0 
0.3333333333333333 0.6666666666666666 1.0 1.0 1.0 
0.25 0.5 0.75 1.0 1.0 
0.2 0.4 0.6 0.8 1.0 
0.25 0.5 0.75 1.0 1.0 
0.25 0.5 0.75 1.0 1.0 
0.25 0.5 0.75 0.75 1.0 
0.25 0.5 0.75 1.0 1.0 
0.2 0.4 0.6 0.8 1.0 
0.3333333333333333 0.6666666666666666 1.0 1.0 1.0 
0.5 1.0 1.0 1.0 1.0 
0.2 0.4 0.6 0.8 1.0 
0.25 0.5 0.75 1.0 1.0 
0.3333333333333333 0.6666666666666666 1.0 1.0 1.0 
0.2 0.4 0.6 0.8 1.0 
0.5 1.0 1.0 1.0 1.0 
0.25 0.5 0.75 1.0 1.0 
0.25 0.5 0.75 0.75 1.0 
0.2 0.4 0.6 0.8 1.0 
0.2 0.4 0.6 0.8 1.0 
0.3333333333333333 0.6666666666666666 1.0 1.0 1.0 
0.25 0.5 0.75 1.0 1.0 
0.3333333333333333 0.6666666666666666 1.0 1.0 1.0 
0.2 0.4 0.6 0.8 1.0 
0.2 0.4 0.6 0.8 1.0 
0.25 0.5 0.75 1.0 1.0 
0.5 1.0 1.0 1.0 1.0 
0.2 0.4 0.6 0.8 1.0 
0.25 0.5 0.75 1.0 1.0 
0.2 0.4 0.6 0.8 1.0 
0.2 0.4 0.6 0.8 1.0 
0.2 0.4 0.6 0.8 1.0 
0.2 0.4 0.6 0.8 1.0 
0.3333333333333333 0.6666666666666666 1.0 1.0 1.0 
0.3333333333333333 0.6666666666666666 1.0 1.0 1.0 

f1@ results:
0.22222222222222224 0.4444444444444445 0.6666666666666665 0.888888888888889 0.888888888888889 
0.22222222222222224 0.4444444444444445 0.6666666666666665 0.888888888888889 0.888888888888889 
0.20000000000000004 0.4000000000000001 0.6 0.8000000000000002 1.0 
0.25 0.5 0.7499999999999999 0.7499999999999999 0.7499999999999999 
0.25 0.5 0.7499999999999999 0.7499999999999999 0.7499999999999999 
0.20000000000000004 0.4000000000000001 0.6 0.8000000000000002 1.0 
0.20000000000000004 0.4000000000000001 0.6 0.8000000000000002 1.0 
0.20000000000000004 0.4000000000000001 0.6 0.8000000000000002 1.0 
0.20000000000000004 0.4000000000000001 0.6 0.8000000000000002 1.0 
0.25 0.5 0.5 0.7499999999999999 0.7499999999999999 
0.22222222222222224 0.4444444444444445 0.6666666666666665 0.888888888888889 0.888888888888889 
0.22222222222222224 0.4444444444444445 0.6666666666666665 0.888888888888889 0.888888888888889 
0.20000000000000004 0.4000000000000001 0.6 0.8000000000000002 1.0 
0.22222222222222224 0.4444444444444445 0.6666666666666665 0.888888888888889 0.888888888888889 
0.25 0.5 0.7499999999999999 0.7499999999999999 0.7499999999999999 
0.20000000000000004 0.4000000000000001 0.6 0.8000000000000002 1.0 
0.25 0.5 0.7499999999999999 0.7499999999999999 0.7499999999999999 
0.20000000000000004 0.4000000000000001 0.6 0.8000000000000002 1.0 
0.20000000000000004 0.4000000000000001 0.6 0.8000000000000002 1.0 
0.22222222222222224 0.4444444444444445 0.6666666666666665 0.888888888888889 0.888888888888889 
0.28571428571428575 0.5714285714285715 0.5714285714285715 0.5714285714285715 0.5714285714285715 
0.20000000000000004 0.4000000000000001 0.6 0.8000000000000002 1.0 
0.20000000000000004 0.4000000000000001 0.6 0.8000000000000002 1.0 
0.25 0.5 0.7499999999999999 0.7499999999999999 0.7499999999999999 
0.22222222222222224 0.4444444444444445 0.6666666666666665 0.888888888888889 0.888888888888889 
0.22222222222222224 0.4444444444444445 0.6666666666666665 0.888888888888889 0.888888888888889 
0.22222222222222224 0.4444444444444445 0.6666666666666665 0.888888888888889 0.888888888888889 
0.20000000000000004 0.4000000000000001 0.6 0.8000000000000002 1.0 
0.22222222222222224 0.4444444444444445 0.6666666666666665 0.888888888888889 0.888888888888889 
0.20000000000000004 0.4000000000000001 0.6 0.8000000000000002 1.0 
0.20000000000000004 0.4000000000000001 0.6 0.8000000000000002 1.0 
0.20000000000000004 0.4000000000000001 0.6 0.8000000000000002 1.0 
0.20000000000000004 0.4000000000000001 0.6 0.8000000000000002 1.0 
0.20000000000000004 0.4000000000000001 0.6 0.8000000000000002 1.0 
0.22222222222222224 0.4444444444444445 0.6666666666666665 0.888888888888889 0.888888888888889 
0.28571428571428575 0.5714285714285715 0.5714285714285715 0.5714285714285715 0.5714285714285715 
0.22222222222222224 0.4444444444444445 0.6666666666666665 0.888888888888889 0.888888888888889 
0.22222222222222224 0.4444444444444445 0.6666666666666665 0.6666666666666665 0.888888888888889 
0.22222222222222224 0.4444444444444445 0.6666666666666665 0.888888888888889 0.888888888888889 
0.22222222222222224 0.4444444444444445 0.6666666666666665 0.888888888888889 0.888888888888889 
0.20000000000000004 0.4000000000000001 0.6 0.8000000000000002 1.0 
0.20000000000000004 0.4000000000000001 0.6 0.8000000000000002 1.0 
0.33333333333333337 0.33333333333333337 0.33333333333333337 0.33333333333333337 0.33333333333333337 
0.22222222222222224 0.4444444444444445 0.6666666666666665 0.888888888888889 0.888888888888889 
0.22222222222222224 0.4444444444444445 0.6666666666666665 0.888888888888889 0.888888888888889 
0.20000000000000004 0.4000000000000001 0.6 0.8000000000000002 1.0 
0.22222222222222224 0.4444444444444445 0.6666666666666665 0.888888888888889 0.888888888888889 
0.20000000000000004 0.4000000000000001 0.6 0.8000000000000002 1.0 
0.20000000000000004 0.4000000000000001 0.6 0.8000000000000002 1.0 
0.20000000000000004 0.4000000000000001 0.6 0.8000000000000002 1.0 
0.20000000000000004 0.4000000000000001 0.6 0.8000000000000002 1.0 
0.28571428571428575 0.5714285714285715 0.5714285714285715 0.5714285714285715 0.5714285714285715 
0.22222222222222224 0.4444444444444445 0.6666666666666665 0.888888888888889 0.888888888888889 
0.25 0.5 0.5 0.7499999999999999 0.7499999999999999 
0.28571428571428575 0.5714285714285715 0.5714285714285715 0.5714285714285715 0.5714285714285715 
0.22222222222222224 0.4444444444444445 0.6666666666666665 0.888888888888889 0.888888888888889 
0.22222222222222224 0.4444444444444445 0.6666666666666665 0.888888888888889 0.888888888888889 
0.22222222222222224 0.4444444444444445 0.6666666666666665 0.888888888888889 0.888888888888889 
0.33333333333333337 0.33333333333333337 0.33333333333333337 0.33333333333333337 0.33333333333333337 
0.22222222222222224 0.4444444444444445 0.6666666666666665 0.888888888888889 0.888888888888889 
0.22222222222222224 0.4444444444444445 0.6666666666666665 0.888888888888889 0.888888888888889 
0.22222222222222224 0.4444444444444445 0.6666666666666665 0.888888888888889 0.888888888888889 
0.25 0.5 0.7499999999999999 0.7499999999999999 0.7499999999999999 
0.22222222222222224 0.4444444444444445 0.6666666666666665 0.888888888888889 0.888888888888889 
0.20000000000000004 0.4000000000000001 0.6 0.8000000000000002 1.0 
0.25 0.5 0.7499999999999999 0.7499999999999999 0.7499999999999999 
0.22222222222222224 0.4444444444444445 0.6666666666666665 0.888888888888889 0.888888888888889 
0.20000000000000004 0.4000000000000001 0.6 0.8000000000000002 1.0 
0.22222222222222224 0.4444444444444445 0.6666666666666665 0.888888888888889 0.888888888888889 
0.22222222222222224 0.4444444444444445 0.6666666666666665 0.888888888888889 0.888888888888889 
0.22222222222222224 0.4444444444444445 0.6666666666666665 0.6666666666666665 0.888888888888889 
0.22222222222222224 0.4444444444444445 0.6666666666666665 0.888888888888889 0.888888888888889 
0.20000000000000004 0.4000000000000001 0.6 0.8000000000000002 1.0 
0.25 0.5 0.7499999999999999 0.7499999999999999 0.7499999999999999 
0.28571428571428575 0.5714285714285715 0.5714285714285715 0.5714285714285715 0.5714285714285715 
0.20000000000000004 0.4000000000000001 0.6 0.8000000000000002 1.0 
0.22222222222222224 0.4444444444444445 0.6666666666666665 0.888888888888889 0.888888888888889 
0.25 0.5 0.7499999999999999 0.7499999999999999 0.7499999999999999 
0.20000000000000004 0.4000000000000001 0.6 0.8000000000000002 1.0 
0.28571428571428575 0.5714285714285715 0.5714285714285715 0.5714285714285715 0.5714285714285715 
0.22222222222222224 0.4444444444444445 0.6666666666666665 0.888888888888889 0.888888888888889 
0.22222222222222224 0.4444444444444445 0.6666666666666665 0.6666666666666665 0.888888888888889 
0.20000000000000004 0.4000000000000001 0.6 0.8000000000000002 1.0 
0.20000000000000004 0.4000000000000001 0.6 0.8000000000000002 1.0 
0.25 0.5 0.7499999999999999 0.7499999999999999 0.7499999999999999 
0.22222222222222224 0.4444444444444445 0.6666666666666665 0.888888888888889 0.888888888888889 
0.25 0.5 0.7499999999999999 0.7499999999999999 0.7499999999999999 
0.20000000000000004 0.4000000000000001 0.6 0.8000000000000002 1.0 
0.20000000000000004 0.4000000000000001 0.6 0.8000000000000002 1.0 
0.22222222222222224 0.4444444444444445 0.6666666666666665 0.888888888888889 0.888888888888889 
0.28571428571428575 0.5714285714285715 0.5714285714285715 0.5714285714285715 0.5714285714285715 
0.20000000000000004 0.4000000000000001 0.6 0.8000000000000002 1.0 
0.22222222222222224 0.4444444444444445 0.6666666666666665 0.888888888888889 0.888888888888889 
0.20000000000000004 0.4000000000000001 0.6 0.8000000000000002 1.0 
0.20000000000000004 0.4000000000000001 0.6 0.8000000000000002 1.0 
0.20000000000000004 0.4000000000000001 0.6 0.8000000000000002 1.0 
0.20000000000000004 0.4000000000000001 0.6 0.8000000000000002 1.0 
0.25 0.5 0.7499999999999999 0.7499999999999999 0.7499999999999999 
0.25 0.5 0.7499999999999999 0.7499999999999999 0.7499999999999999 

f0.5@ results:
0.20833333333333334 0.4166666666666667 0.625 0.8333333333333334 0.8333333333333334 
0.20833333333333334 0.4166666666666667 0.625 0.8333333333333334 0.8333333333333334 
0.2 0.4 0.6 0.8 1.0 
0.21739130434782608 0.43478260869565216 0.6521739130434783 0.6521739130434783 0.6521739130434783 
0.21739130434782608 0.43478260869565216 0.6521739130434783 0.6521739130434783 0.6521739130434783 
0.2 0.4 0.6 0.8 1.0 
0.2 0.4 0.6 0.8 1.0 
0.2 0.4 0.6 0.8 1.0 
0.2 0.4 0.6 0.8 1.0 
0.21739130434782608 0.43478260869565216 0.43478260869565216 0.6521739130434783 0.6521739130434783 
0.20833333333333334 0.4166666666666667 0.625 0.8333333333333334 0.8333333333333334 
0.20833333333333334 0.4166666666666667 0.625 0.8333333333333334 0.8333333333333334 
0.2 0.4 0.6 0.8 1.0 
0.20833333333333334 0.4166666666666667 0.625 0.8333333333333334 0.8333333333333334 
0.21739130434782608 0.43478260869565216 0.6521739130434783 0.6521739130434783 0.6521739130434783 
0.2 0.4 0.6 0.8 1.0 
0.21739130434782608 0.43478260869565216 0.6521739130434783 0.6521739130434783 0.6521739130434783 
0.2 0.4 0.6 0.8 1.0 
0.2 0.4 0.6 0.8 1.0 
0.20833333333333334 0.4166666666666667 0.625 0.8333333333333334 0.8333333333333334 
0.22727272727272727 0.45454545454545453 0.45454545454545453 0.45454545454545453 0.45454545454545453 
0.2 0.4 0.6 0.8 1.0 
0.2 0.4 0.6 0.8 1.0 
0.21739130434782608 0.43478260869565216 0.6521739130434783 0.6521739130434783 0.6521739130434783 
0.20833333333333334 0.4166666666666667 0.625 0.8333333333333334 0.8333333333333334 
0.20833333333333334 0.4166666666666667 0.625 0.8333333333333334 0.8333333333333334 
0.20833333333333334 0.4166666666666667 0.625 0.8333333333333334 0.8333333333333334 
0.2 0.4 0.6 0.8 1.0 
0.20833333333333334 0.4166666666666667 0.625 0.8333333333333334 0.8333333333333334 
0.2 0.4 0.6 0.8 1.0 
0.2 0.4 0.6 0.8 1.0 
0.2 0.4 0.6 0.8 1.0 
0.2 0.4 0.6 0.8 1.0 
0.2 0.4 0.6 0.8 1.0 
0.20833333333333334 0.4166666666666667 0.625 0.8333333333333334 0.8333333333333334 
0.22727272727272727 0.45454545454545453 0.45454545454545453 0.45454545454545453 0.45454545454545453 
0.20833333333333334 0.4166666666666667 0.625 0.8333333333333334 0.8333333333333334 
0.20833333333333334 0.4166666666666667 0.625 0.625 0.8333333333333334 
0.20833333333333334 0.4166666666666667 0.625 0.8333333333333334 0.8333333333333334 
0.20833333333333334 0.4166666666666667 0.625 0.8333333333333334 0.8333333333333334 
0.2 0.4 0.6 0.8 1.0 
0.2 0.4 0.6 0.8 1.0 
0.23809523809523808 0.23809523809523808 0.23809523809523808 0.23809523809523808 0.23809523809523808 
0.20833333333333334 0.4166666666666667 0.625 0.8333333333333334 0.8333333333333334 
0.20833333333333334 0.4166666666666667 0.625 0.8333333333333334 0.8333333333333334 
0.2 0.4 0.6 0.8 1.0 
0.20833333333333334 0.4166666666666667 0.625 0.8333333333333334 0.8333333333333334 
0.2 0.4 0.6 0.8 1.0 
0.2 0.4 0.6 0.8 1.0 
0.2 0.4 0.6 0.8 1.0 
0.2 0.4 0.6 0.8 1.0 
0.22727272727272727 0.45454545454545453 0.45454545454545453 0.45454545454545453 0.45454545454545453 
0.20833333333333334 0.4166666666666667 0.625 0.8333333333333334 0.8333333333333334 
0.21739130434782608 0.43478260869565216 0.43478260869565216 0.6521739130434783 0.6521739130434783 
0.22727272727272727 0.45454545454545453 0.45454545454545453 0.45454545454545453 0.45454545454545453 
0.20833333333333334 0.4166666666666667 0.625 0.8333333333333334 0.8333333333333334 
0.20833333333333334 0.4166666666666667 0.625 0.8333333333333334 0.8333333333333334 
0.20833333333333334 0.4166666666666667 0.625 0.8333333333333334 0.8333333333333334 
0.23809523809523808 0.23809523809523808 0.23809523809523808 0.23809523809523808 0.23809523809523808 
0.20833333333333334 0.4166666666666667 0.625 0.8333333333333334 0.8333333333333334 
0.20833333333333334 0.4166666666666667 0.625 0.8333333333333334 0.8333333333333334 
0.20833333333333334 0.4166666666666667 0.625 0.8333333333333334 0.8333333333333334 
0.21739130434782608 0.43478260869565216 0.6521739130434783 0.6521739130434783 0.6521739130434783 
0.20833333333333334 0.4166666666666667 0.625 0.8333333333333334 0.8333333333333334 
0.2 0.4 0.6 0.8 1.0 
0.21739130434782608 0.43478260869565216 0.6521739130434783 0.6521739130434783 0.6521739130434783 
0.20833333333333334 0.4166666666666667 0.625 0.8333333333333334 0.8333333333333334 
0.2 0.4 0.6 0.8 1.0 
0.20833333333333334 0.4166666666666667 0.625 0.8333333333333334 0.8333333333333334 
0.20833333333333334 0.4166666666666667 0.625 0.8333333333333334 0.8333333333333334 
0.20833333333333334 0.4166666666666667 0.625 0.625 0.8333333333333334 
0.20833333333333334 0.4166666666666667 0.625 0.8333333333333334 0.8333333333333334 
0.2 0.4 0.6 0.8 1.0 
0.21739130434782608 0.43478260869565216 0.6521739130434783 0.6521739130434783 0.6521739130434783 
0.22727272727272727 0.45454545454545453 0.45454545454545453 0.45454545454545453 0.45454545454545453 
0.2 0.4 0.6 0.8 1.0 
0.20833333333333334 0.4166666666666667 0.625 0.8333333333333334 0.8333333333333334 
0.21739130434782608 0.43478260869565216 0.6521739130434783 0.6521739130434783 0.6521739130434783 
0.2 0.4 0.6 0.8 1.0 
0.22727272727272727 0.45454545454545453 0.45454545454545453 0.45454545454545453 0.45454545454545453 
0.20833333333333334 0.4166666666666667 0.625 0.8333333333333334 0.8333333333333334 
0.20833333333333334 0.4166666666666667 0.625 0.625 0.8333333333333334 
0.2 0.4 0.6 0.8 1.0 
0.2 0.4 0.6 0.8 1.0 
0.21739130434782608 0.43478260869565216 0.6521739130434783 0.6521739130434783 0.6521739130434783 
0.20833333333333334 0.4166666666666667 0.625 0.8333333333333334 0.8333333333333334 
0.21739130434782608 0.43478260869565216 0.6521739130434783 0.6521739130434783 0.6521739130434783 
0.2 0.4 0.6 0.8 1.0 
0.2 0.4 0.6 0.8 1.0 
0.20833333333333334 0.4166666666666667 0.625 0.8333333333333334 0.8333333333333334 
0.22727272727272727 0.45454545454545453 0.45454545454545453 0.45454545454545453 0.45454545454545453 
0.2 0.4 0.6 0.8 1.0 
0.20833333333333334 0.4166666666666667 0.625 0.8333333333333334 0.8333333333333334 
0.2 0.4 0.6 0.8 1.0 
0.2 0.4 0.6 0.8 1.0 
0.2 0.4 0.6 0.8 1.0 
0.2 0.4 0.6 0.8 1.0 
0.21739130434782608 0.43478260869565216 0.6521739130434783 0.6521739130434783 0.6521739130434783 
0.21739130434782608 0.43478260869565216 0.6521739130434783 0.6521739130434783 0.6521739130434783 

